id,codigoEstacao,codigoAdicional,aneelPlu,aneelFlu,nome,latitude,longitude,altitude,ultimaAtualizacao,baciaCodigo,codigoNomeBacia,codigoNomeSubBacia,nomeRio,nomeEstado,nomeMunicipio,subBaciaCodigo,rioCodigo,estadoCodigo,municipioCodigo,responsavelCodigo,operadoraCodigo,menorDataPeriodo,maiorDataPeriodo,responsavelSigla,operadoraSigla,tipoEstacao,operando,codigoNome,selecionada,baixarChuva,baixarNivel,baixarVazao,latFormatada,lonFormatada,peridoDisponibilidade,horQChuva,horChuva,horQNivelAdotado,horNivelAdotado,horQVazao,horVazao
"{'horEstacao': 123638250, 'horDataHora': '2021-01-05T10:00:00.000+0000'}",50903260,50903260,50903260,,AÇUDE JOANES II MONTANTE MONT.3,-12.6058,-38.4289,,2024-02-09T15:23:11.863+0000,5,"5 - Atlântico, Trecho Leste","50 - RIOS VAZA-BARRIS,ITAPICURU E .",RIO JOANES,BAHIA,SÃO SEBASTIÃO DO PASSÉ,50,50750000,16,16295000,114,114,2017-12-15T10:00:00.000+0000,2024-05-30T20:00:00.000+0000,INEMA-BA,INEMA-BA,Fluviométrica,1,123638250 - AÇUDE JOANES II MONTANTE MONT.3,,False,False,False,S 12° 36' 20.88'',W 38° 25' 44.04'',15/12/2017 à 30/05/2024,,,0.0,245.0,,
"{'horEstacao': 123638250, 'horDataHora': '2021-01-05T20:00:00.000+0000'}",50903260,50903260,50903260,,AÇUDE JOANES II MONTANTE MONT.3,-12.6058,-38.4289,,2024-02-09T15:23:11.863+0000,5,"5 - Atlântico, Trecho Leste","50 - RIOS VAZA-BARRIS,ITAPICURU E .",RIO JOANES,BAHIA,SÃO SEBASTIÃO DO PASSÉ,50,50750000,16,16295000,114,114,2017-12-15T10:00:00.000+0000,2024-05-30T20:00:00.000+0000,INEMA-BA,INEMA-BA,Fluviométrica,1,123638250 - AÇUDE JOANES II MONTANTE MONT.3,,False,False,False,S 12° 36' 20.88'',W 38° 25' 44.04'',15/12/2017 à 30/05/2024,,,0.0,244.0,,
"{'horEstacao': 123638250, 'horDataHora': '2021-01-06T10:00:00.000+0000'}",50903260,50903260,50903260,,AÇUDE JOANES II MONTANTE MONT.3,-12.6058,-38.4289,,2024-02-09T15:23:11.863+0000,5,"5 - Atlântico, Trecho Leste","50 - RIOS VAZA-BARRIS,ITAPICURU E .",RIO JOANES,BAHIA,SÃO SEBASTIÃO DO PASSÉ,50,50750000,16,16295000,114,114,2017-12-15T10:00:00.000+0000,2024-05-30T20:00:00.000+0000,INEMA-BA,INEMA-BA,Fluviométrica,1,123638250 - AÇUDE JOANES II MONTANTE MONT.3,,False,False,False,S 12° 36' 20.88'',W 38° 25' 44.04'',15/12/2017 à 30/05/2024,,,0.0,244.0,,
"{'horEstacao': 123638250, 'horDataHora': '2021-01-06T20:00:00.000+0000'}",50903260,50903260,50903260,,AÇUDE JOANES II MONTANTE MONT.3,-12.6058,-38.4289,,2024-02-09T15:23:11.863+0000,5,"5 - Atlântico, Trecho Leste","50 - RIOS VAZA-BARRIS,ITAPICURU E .",RIO JOANES,BAHIA,SÃO SEBASTIÃO DO PASSÉ,50,50750000,16,16295000,114,114,2017-12-15T10:00:00.000+0000,2024-05-30T20:00:00.000+0000,INEMA-BA,INEMA-BA,Fluviométrica,1,123638250 - AÇUDE JOANES II MONTANTE MONT.3,,False,False,False,S 12° 36' 20.88'',W 38° 25' 44.04'',15/12/2017 à 30/05/2024,,,0.0,244.0,,
"{'horEstacao': 123638250, 'horDataHora': '2021-01-07T10:00:00.000+0000'}",50903260,50903260,50903260,,AÇUDE JOANES II MONTANTE MONT.3,-12.6058,-38.4289,,2024-02-09T15:23:11.863+0000,5,"5 - Atlântico, Trecho Leste","50 - RIOS VAZA-BARRIS,ITAPICURU E .",RIO JOANES,BAHIA,SÃO SEBASTIÃO DO PASSÉ,50,50750000,16,16295000,114,114,2017-12-15T10:00:00.000+0000,2024-05-30T20:00:00.000+0000,INEMA-BA,INEMA-BA,Fluviométrica,1,123638250 - AÇUDE JOANES II MONTANTE MONT.3,,False,False,False,S 12° 36' 20.88'',W 38° 25' 44.04'',15/12/2017 à 30/05/2024,,,0.0,244.0,,
"{'horEstacao': 123638250, 'horDataHora': '2021-01-09T10:00:00.000+0000'}",50903260,50903260,50903260,,AÇUDE JOANES II MONTANTE MONT.3,-12.6058,-38.4289,,2024-02-09T15:23:11.863+0000,5,"5 - Atlântico, Trecho Leste","50 - RIOS VAZA-BARRIS,ITAPICURU E .",RIO JOANES,BAHIA,SÃO SEBASTIÃO DO PASSÉ,50,50750000,16,16295000,114,114,2017-12-15T10:00:00.000+0000,2024-05-30T20:00:00.000+0000,INEMA-BA,INEMA-BA,Fluviométrica,1,123638250 - AÇUDE JOANES II MONTANTE MONT.3,,False,False,False,S 12° 36' 20.88'',W 38° 25' 44.04'',15/12/2017 à 30/05/2024,,,0.0,226.0,,
"{'horEstacao': 123638250, 'horDataHora': '2021-01-09T20:00:00.000+0000'}",50903260,50903260,50903260,,AÇUDE JOANES II MONTANTE MONT.3,-12.6058,-38.4289,,2024-02-09T15:23:11.863+0000,5,"5 - Atlântico, Trecho Leste","50 - RIOS VAZA-BARRIS,ITAPICURU E .",RIO JOANES,BAHIA,SÃO SEBASTIÃO DO PASSÉ,50,50750000,16,16295000,114,114,2017-12-15T10:00:00.000+0000,2024-05-30T20:00:00.000+0000,INEMA-BA,INEMA-BA,Fluviométrica,1,123638250 - AÇUDE JOANES II MONTANTE MONT.3,,False,False,False,S 12° 36' 20.88'',W 38° 25' 44.04'',15/12/2017 à 30/05/2024,,,0.0,226.0,,
"{'horEstacao': 123638250, 'horDataHora': '2021-01-10T10:00:00.000+0000'}",50903260,50903260,50903260,,AÇUDE JOANES II MONTANTE MONT.3,-12.6058,-38.4289,,2024-02-09T15:23:11.863+0000,5,"5 - Atlântico, Trecho Leste","50 - RIOS VAZA-BARRIS,ITAPICURU E .",RIO JOANES,BAHIA,SÃO SEBASTIÃO DO PASSÉ,50,50750000,16,16295000,114,114,2017-12-15T10:00:00.000+0000,2024-05-30T20:00:00.000+0000,INEMA-BA,INEMA-BA,Fluviométrica,1,123638250 - AÇUDE JOANES II MONTANTE MONT.3,,False,False,False,S 12° 36' 20.88'',W 38° 25' 44.04'',15/12/2017 à 30/05/2024,,,0.0,226.0,,
"{'horEstacao': 123638250, 'horDataHora': '2021-01-10T20:00:00.000+0000'}",50903260,50903260,50903260,,AÇUDE JOANES II MONTANTE MONT.3,-12.6058,-38.4289,,2024-02-09T15:23:11.863+0000,5,"5 - Atlântico, Trecho Leste","50 - RIOS VAZA-BARRIS,ITAPICURU E .",RIO JOANES,BAHIA,SÃO SEBASTIÃO DO PASSÉ,50,50750000,16,16295000,114,114,2017-12-15T10:00:00.000+0000,2024-05-30T20:00:00.000+0000,INEMA-BA,INEMA-BA,Fluviométrica,1,123638250 - AÇUDE JOANES II MONTANTE MONT.3,,False,False,False,S 12° 36' 20.88'',W 38° 25' 44.04'',15/12/2017 à 30/05/2024,,,0.0,226.0,,
"{'horEstacao': 123638250, 'horDataHora': '2021-01-11T10:00:00.000+0000'}",50903260,50903260,50903260,,AÇUDE JOANES II MONTANTE MONT.3,-12.6058,-38.4289,,2024-02-09T15:23:11.863+0000,5,"5 - Atlântico, Trecho Leste","50 - RIOS VAZA-BARRIS,ITAPICURU E .",RIO JOANES,BAHIA,SÃO SEBASTIÃO DO PASSÉ,50,50750000,16,16295000,114,114,2017-12-15T10:00:00.000+0000,2024-05-30T20:00:00.000+0000,INEMA-BA,INEMA-BA,Fluviométrica,1,123638250 - AÇUDE JOANES II MONTANTE MONT.3,,False,False,False,S 12° 36' 20.88'',W 38° 25' 44.04'',15/12/2017 à 30/05/2024,,,0.0,226.0,,
"{'horEstacao': 123638250, 'horDataHora': '2021-01-11T20:00:00.000+0000'}",50903260,50903260,50903260,,AÇUDE JOANES II MONTANTE MONT.3,-12.6058,-38.4289,,2024-02-09T15:23:11.863+0000,5,"5 - Atlântico, Trecho Leste","50 - RIOS VAZA-BARRIS,ITAPICURU E .",RIO JOANES,BAHIA,SÃO SEBASTIÃO DO PASSÉ,50,50750000,16,16295000,114,114,2017-12-15T10:00:00.000+0000,2024-05-30T20:00:00.000+0000,INEMA-BA,INEMA-BA,Fluviométrica,1,123638250 - AÇUDE JOANES II MONTANTE MONT.3,,False,False,False,S 12° 36' 20.88'',W 38° 25' 44.04'',15/12/2017 à 30/05/2024,,,0.0,226.0,,
"{'horEstacao': 123638250, 'horDataHora': '2021-01-14T10:00:00.000+0000'}",50903260,50903260,50903260,,AÇUDE JOANES II MONTANTE MONT.3,-12.6058,-38.4289,,2024-02-09T15:23:11.863+0000,5,"5 - Atlântico, Trecho Leste","50 - RIOS VAZA-BARRIS,ITAPICURU E .",RIO JOANES,BAHIA,SÃO SEBASTIÃO DO PASSÉ,50,50750000,16,16295000,114,114,2017-12-15T10:00:00.000+0000,2024-05-30T20:00:00.000+0000,INEMA-BA,INEMA-BA,Fluviométrica,1,123638250 - AÇUDE JOANES II MONTANTE MONT.3,,False,False,False,S 12° 36' 20.88'',W 38° 25' 44.04'',15/12/2017 à 30/05/2024,,,0.0,226.0,,
"{'horEstacao': 123638250, 'horDataHora': '2021-01-14T20:00:00.000+0000'}",50903260,50903260,50903260,,AÇUDE JOANES II MONTANTE MONT.3,-12.6058,-38.4289,,2024-02-09T15:23:11.863+0000,5,"5 - Atlântico, Trecho Leste","50 - RIOS VAZA-BARRIS,ITAPICURU E .",RIO JOANES,BAHIA,SÃO SEBASTIÃO DO PASSÉ,50,50750000,16,16295000,114,114,2017-12-15T10:00:00.000+0000,2024-05-30T20:00:00.000+0000,INEMA-BA,INEMA-BA,Fluviométrica,1,123638250 - AÇUDE JOANES II MONTANTE MONT.3,,False,False,False,S 12° 36' 20.88'',W 38° 25' 44.04'',15/12/2017 à 30/05/2024,,,0.0,226.0,,
"{'horEstacao': 123638250, 'horDataHora': '2021-01-15T10:00:00.000+0000'}",50903260,50903260,50903260,,AÇUDE JOANES II MONTANTE MONT.3,-12.6058,-38.4289,,2024-02-09T15:23:11.863+0000,5,"5 - Atlântico, Trecho Leste","50 - RIOS VAZA-BARRIS,ITAPICURU E .",RIO JOANES,BAHIA,SÃO SEBASTIÃO DO PASSÉ,50,50750000,16,16295000,114,114,2017-12-15T10:00:00.000+0000,2024-05-30T20:00:00.000+0000,INEMA-BA,INEMA-BA,Fluviométrica,1,123638250 - AÇUDE JOANES II MONTANTE MONT.3,,False,False,False,S 12° 36' 20.88'',W 38° 25' 44.04'',15/12/2017 à 30/05/2024,,,0.0,228.0,,
"{'horEstacao': 123638250, 'horDataHora': '2021-01-15T20:00:00.000+0000'}",50903260,50903260,50903260,,AÇUDE JOANES II MONTANTE MONT.3,-12.6058,-38.4289,,2024-02-09T15:23:11.863+0000,5,"5 - Atlântico, Trecho Leste","50 - RIOS VAZA-BARRIS,ITAPICURU E .",RIO JOANES,BAHIA,SÃO SEBASTIÃO DO PASSÉ,50,50750000,16,16295000,114,114,2017-12-15T10:00:00.000+0000,2024-05-30T20:00:00.000+0000,INEMA-BA,INEMA-BA,Fluviométrica,1,123638250 - AÇUDE JOANES II MONTANTE MONT.3,,False,False,False,S 12° 36' 20.88'',W 38° 25' 44.04'',15/12/2017 à 30/05/2024,,,0.0,230.0,,
"{'horEstacao': 123638250, 'horDataHora': '2021-01-16T10:00:00.000+0000'}",50903260,50903260,50903260,,AÇUDE JOANES II MONTANTE MONT.3,-12.6058,-38.4289,,2024-02-09T15:23:11.863+0000,5,"5 - Atlântico, Trecho Leste","50 - RIOS VAZA-BARRIS,ITAPICURU E .",RIO JOANES,BAHIA,SÃO SEBASTIÃO DO PASSÉ,50,50750000,16,16295000,114,114,2017-12-15T10:00:00.000+0000,2024-05-30T20:00:00.000+0000,INEMA-BA,INEMA-BA,Fluviométrica,1,123638250 - AÇUDE JOANES II MONTANTE MONT.3,,False,False,False,S 12° 36' 20.88'',W 38° 25' 44.04'',15/12/2017 à 30/05/2024,,,0.0,232.0,,
"{'horEstacao': 123638250, 'horDataHora': '2021-01-16T20:00:00.000+0000'}",50903260,50903260,50903260,,AÇUDE JOANES II MONTANTE MONT.3,-12.6058,-38.4289,,2024-02-09T15:23:11.863+0000,5,"5 - Atlântico, Trecho Leste","50 - RIOS VAZA-BARRIS,ITAPICURU E .",RIO JOANES,BAHIA,SÃO SEBASTIÃO DO PASSÉ,50,50750000,16,16295000,114,114,2017-12-15T10:00:00.000+0000,2024-05-30T20:00:00.000+0000,INEMA-BA,INEMA-BA,Fluviométrica,1,123638250 - AÇUDE JOANES II MONTANTE MONT.3,,False,False,False,S 12° 36' 20.88'',W 38° 25' 44.04'',15/12/2017 à 30/05/2024,,,0.0,323.0,,
"{'horEstacao': 123638250, 'horDataHora': '2021-01-17T10:00:00.000+0000'}",50903260,50903260,50903260,,AÇUDE JOANES II MONTANTE MONT.3,-12.6058,-38.4289,,2024-02-09T15:23:11.863+0000,5,"5 - Atlântico, Trecho Leste","50 - RIOS VAZA-BARRIS,ITAPICURU E .",RIO JOANES,BAHIA,SÃO SEBASTIÃO DO PASSÉ,50,50750000,16,16295000,114,114,2017-12-15T10:00:00.000+0000,2024-05-30T20:00:00.000+0000,INEMA-BA,INEMA-BA,Fluviométrica,1,123638250 - AÇUDE JOANES II MONTANTE MONT.3,,False,False,False,S 12° 36' 20.88'',W 38° 25' 44.04'',15/12/2017 à 30/05/2024,,,0.0,232.0,,
"{'horEstacao': 123638250, 'horDataHora': '2021-01-17T20:00:00.000+0000'}",50903260,50903260,50903260,,AÇUDE JOANES II MONTANTE MONT.3,-12.6058,-38.4289,,2024-02-09T15:23:11.863+0000,5,"5 - Atlântico, Trecho Leste","50 - RIOS VAZA-BARRIS,ITAPICURU E .",RIO JOANES,BAHIA,SÃO SEBASTIÃO DO PASSÉ,50,50750000,16,16295000,114,114,2017-12-15T10:00:00.000+0000,2024-05-30T20:00:00.000+0000,INEMA-BA,INEMA-BA,Fluviométrica,1,123638250 - AÇUDE JOANES II MONTANTE MONT.3,,False,False,False,S 12° 36' 20.88'',W 38° 25' 44.04'',15/12/2017 à 30/05/2024,,,0.0,232.0,,
"{'horEstacao': 123638250, 'horDataHora': '2021-01-18T10:00:00.000+0000'}",50903260,50903260,50903260,,AÇUDE JOANES II MONTANTE MONT.3,-12.6058,-38.4289,,2024-02-09T15:23:11.863+0000,5,"5 - Atlântico, Trecho Leste","50 - RIOS VAZA-BARRIS,ITAPICURU E .",RIO JOANES,BAHIA,SÃO SEBASTIÃO DO PASSÉ,50,50750000,16,16295000,114,114,2017-12-15T10:00:00.000+0000,2024-05-30T20:00:00.000+0000,INEMA-BA,INEMA-BA,Fluviométrica,1,123638250 - AÇUDE JOANES II MONTANTE MONT.3,,False,False,False,S 12° 36' 20.88'',W 38° 25' 44.04'',15/12/2017 à 30/05/2024,,,0.0,232.0,,
"{'horEstacao': 123638250, 'horDataHora': '2021-01-18T20:00:00.000+0000'}",50903260,50903260,50903260,,AÇUDE JOANES II MONTANTE MONT.3,-12.6058,-38.4289,,2024-02-09T15:23:11.863+0000,5,"5 - Atlântico, Trecho Leste","50 - RIOS VAZA-BARRIS,ITAPICURU E .",RIO JOANES,BAHIA,SÃO SEBASTIÃO DO PASSÉ,50,50750000,16,16295000,114,114,2017-12-15T10:00:00.000+0000,2024-05-30T20:00:00.000+0000,INEMA-BA,INEMA-BA,Fluviométrica,1,123638250 - AÇUDE JOANES II MONTANTE MONT.3,,False,False,False,S 12° 36' 20.88'',W 38° 25' 44.04'',15/12/2017 à 30/05/2024,,,0.0,232.0,,
"{'horEstacao': 123638250, 'horDataHora': '2021-01-19T10:00:00.000+0000'}",50903260,50903260,50903260,,AÇUDE JOANES II MONTANTE MONT.3,-12.6058,-38.4289,,2024-02-09T15:23:11.863+0000,5,"5 - Atlântico, Trecho Leste","50 - RIOS VAZA-BARRIS,ITAPICURU E .",RIO JOANES,BAHIA,SÃO SEBASTIÃO DO PASSÉ,50,50750000,16,16295000,114,114,2017-12-15T10:00:00.000+0000,2024-05-30T20:00:00.000+0000,INEMA-BA,INEMA-BA,Fluviométrica,1,123638250 - AÇUDE JOANES II MONTANTE MONT.3,,False,False,False,S 12° 36' 20.88'',W 38° 25' 44.04'',15/12/2017 à 30/05/2024,,,0.0,232.0,,
"{'horEstacao': 123638250, 'horDataHora': '2021-01-19T20:00:00.000+0000'}",50903260,50903260,50903260,,AÇUDE JOANES II MONTANTE MONT.3,-12.6058,-38.4289,,2024-02-09T15:23:11.863+0000,5,"5 - Atlântico, Trecho Leste","50 - RIOS VAZA-BARRIS,ITAPICURU E .",RIO JOANES,BAHIA,SÃO SEBASTIÃO DO PASSÉ,50,50750000,16,16295000,114,114,2017-12-15T10:00:00.000+0000,2024-05-30T20:00:00.000+0000,INEMA-BA,INEMA-BA,Fluviométrica,1,123638250 - AÇUDE JOANES II MONTANTE MONT.3,,False,False,False,S 12° 36' 20.88'',W 38° 25' 44.04'',15/12/2017 à 30/05/2024,,,0.0,232.0,,
"{'horEstacao': 123638250, 'horDataHora': '2021-01-20T10:00:00.000+0000'}",50903260,50903260,50903260,,AÇUDE JOANES II MONTANTE MONT.3,-12.6058,-38.4289,,2024-02-09T15:23:11.863+0000,5,"5 - Atlântico, Trecho Leste","50 - RIOS VAZA-BARRIS,ITAPICURU E .",RIO JOANES,BAHIA,SÃO SEBASTIÃO DO PASSÉ,50,50750000,16,16295000,114,114,2017-12-15T10:00:00.000+0000,2024-05-30T20:00:00.000+0000,INEMA-BA,INEMA-BA,Fluviométrica,1,123638250 - AÇUDE JOANES II MONTANTE MONT.3,,False,False,False,S 12° 36' 20.88'',W 38° 25' 44.04'',15/12/2017 à 30/05/2024,,,0.0,232.0,,
"{'horEstacao': 123638250, 'horDataHora': '2021-01-20T20:00:00.000+0000'}",50903260,50903260,50903260,,AÇUDE JOANES II MONTANTE MONT.3,-12.6058,-38.4289,,2024-02-09T15:23:11.863+0000,5,"5 - Atlântico, Trecho Leste","50 - RIOS VAZA-BARRIS,ITAPICURU E .",RIO JOANES,BAHIA,SÃO SEBASTIÃO DO PASSÉ,50,50750000,16,16295000,114,114,2017-12-15T10:00:00.000+0000,2024-05-30T20:00:00.000+0000,INEMA-BA,INEMA-BA,Fluviométrica,1,123638250 - AÇUDE JOANES II MONTANTE MONT.3,,False,False,False,S 12° 36' 20.88'',W 38° 25' 44.04'',15/12/2017 à 30/05/2024,,,0.0,232.0,,
"{'horEstacao': 123638250, 'horDataHora': '2021-01-21T10:00:00.000+0000'}",50903260,50903260,50903260,,AÇUDE JOANES II MONTANTE MONT.3,-12.6058,-38.4289,,2024-02-09T15:23:11.863+0000,5,"5 - Atlântico, Trecho Leste","50 - RIOS VAZA-BARRIS,ITAPICURU E .",RIO JOANES,BAHIA,SÃO SEBASTIÃO DO PASSÉ,50,50750000,16,16295000,114,114,2017-12-15T10:00:00.000+0000,2024-05-30T20:00:00.000+0000,INEMA-BA,INEMA-BA,Fluviométrica,1,123638250 - AÇUDE JOANES II MONTANTE MONT.3,,False,False,False,S 12° 36' 20.88'',W 38° 25' 44.04'',15/12/2017 à 30/05/2024,,,0.0,230.0,,
"{'horEstacao': 123638250, 'horDataHora': '2021-01-21T20:00:00.000+0000'}",50903260,50903260,50903260,,AÇUDE JOANES II MONTANTE MONT.3,-12.6058,-38.4289,,2024-02-09T15:23:11.863+0000,5,"5 - Atlântico, Trecho Leste","50 - RIOS VAZA-BARRIS,ITAPICURU E .",RIO JOANES,BAHIA,SÃO SEBASTIÃO DO PASSÉ,50,50750000,16,16295000,114,114,2017-12-15T10:00:00.000+0000,2024-05-30T20:00:00.000+0000,INEMA-BA,INEMA-BA,Fluviométrica,1,123638250 - AÇUDE JOANES II MONTANTE MONT.3,,False,False,False,S 12° 36' 20.88'',W 38° 25' 44.04'',15/12/2017 à 30/05/2024,,,0.0,230.0,,
"{'horEstacao': 123638250, 'horDataHora': '2021-01-22T10:00:00.000+0000'}",50903260,50903260,50903260,,AÇUDE JOANES II MONTANTE MONT.3,-12.6058,-38.4289,,2024-02-09T15:23:11.863+0000,5,"5 - Atlântico, Trecho Leste","50 - RIOS VAZA-BARRIS,ITAPICURU E .",RIO JOANES,BAHIA,SÃO SEBASTIÃO DO PASSÉ,50,50750000,16,16295000,114,114,2017-12-15T10:00:00.000+0000,2024-05-30T20:00:00.000+0000,INEMA-BA,INEMA-BA,Fluviométrica,1,123638250 - AÇUDE JOANES II MONTANTE MONT.3,,False,False,False,S 12° 36' 20.88'',W 38° 25' 44.04'',15/12/2017 à 30/05/2024,,,0.0,230.0,,
"{'horEstacao': 123638250, 'horDataHora': '2021-01-22T20:00:00.000+0000'}",50903260,50903260,50903260,,AÇUDE JOANES II MONTANTE MONT.3,-12.6058,-38.4289,,2024-02-09T15:23:11.863+0000,5,"5 - Atlântico, Trecho Leste","50 - RIOS VAZA-BARRIS,ITAPICURU E .",RIO JOANES,BAHIA,SÃO SEBASTIÃO DO PASSÉ,50,50750000,16,16295000,114,114,2017-12-15T10:00:00.000+0000,2024-05-30T20:00:00.000+0000,INEMA-BA,INEMA-BA,Fluviométrica,1,123638250 - AÇUDE JOANES II MONTANTE MONT.3,,False,False,False,S 12° 36' 20.88'',W 38° 25' 44.04'',15/12/2017 à 30/05/2024,,,0.0,230.0,,
"{'horEstacao': 123638250, 'horDataHora': '2021-01-23T10:00:00.000+0000'}",50903260,50903260,50903260,,AÇUDE JOANES II MONTANTE MONT.3,-12.6058,-38.4289,,2024-02-09T15:23:11.863+0000,5,"5 - Atlântico, Trecho Leste","50 - RIOS VAZA-BARRIS,ITAPICURU E .",RIO JOANES,BAHIA,SÃO SEBASTIÃO DO PASSÉ,50,50750000,16,16295000,114,114,2017-12-15T10:00:00.000+0000,2024-05-30T20:00:00.000+0000,INEMA-BA,INEMA-BA,Fluviométrica,1,123638250 - AÇUDE JOANES II MONTANTE MONT.3,,False,False,False,S 12° 36' 20.88'',W 38° 25' 44.04'',15/12/2017 à 30/05/2024,,,0.0,230.0,,
"{'horEstacao': 123638250, 'horDataHora': '2021-01-23T20:00:00.000+0000'}",50903260,50903260,50903260,,AÇUDE JOANES II MONTANTE MONT.3,-12.6058,-38.4289,,2024-02-09T15:23:11.863+0000,5,"5 - Atlântico, Trecho Leste","50 - RIOS VAZA-BARRIS,ITAPICURU E .",RIO JOANES,BAHIA,SÃO SEBASTIÃO DO PASSÉ,50,50750000,16,16295000,114,114,2017-12-15T10:00:00.000+0000,2024-05-30T20:00:00.000+0000,INEMA-BA,INEMA-BA,Fluviométrica,1,123638250 - AÇUDE JOANES II MONTANTE MONT.3,,False,False,False,S 12° 36' 20.88'',W 38° 25' 44.04'',15/12/2017 à 30/05/2024,,,0.0,230.0,,
"{'horEstacao': 123638250, 'horDataHora': '2021-01-24T10:00:00.000+0000'}",50903260,50903260,50903260,,AÇUDE JOANES II MONTANTE MONT.3,-12.6058,-38.4289,,2024-02-09T15:23:11.863+0000,5,"5 - Atlântico, Trecho Leste","50 - RIOS VAZA-BARRIS,ITAPICURU E .",RIO JOANES,BAHIA,SÃO SEBASTIÃO DO PASSÉ,50,50750000,16,16295000,114,114,2017-12-15T10:00:00.000+0000,2024-05-30T20:00:00.000+0000,INEMA-BA,INEMA-BA,Fluviométrica,1,123638250 - AÇUDE JOANES II MONTANTE MONT.3,,False,False,False,S 12° 36' 20.88'',W 38° 25' 44.04'',15/12/2017 à 30/05/2024,,,0.0,230.0,,
"{'horEstacao': 123638250, 'horDataHora': '2021-01-24T20:00:00.000+0000'}",50903260,50903260,50903260,,AÇUDE JOANES II MONTANTE MONT.3,-12.6058,-38.4289,,2024-02-09T15:23:11.863+0000,5,"5 - Atlântico, Trecho Leste","50 - RIOS VAZA-BARRIS,ITAPICURU E .",RIO JOANES,BAHIA,SÃO SEBASTIÃO DO PASSÉ,50,50750000,16,16295000,114,114,2017-12-15T10:00:00.000+0000,2024-05-30T20:00:00.000+0000,INEMA-BA,INEMA-BA,Fluviométrica,1,123638250 - AÇUDE JOANES II MONTANTE MONT.3,,False,False,False,S 12° 36' 20.88'',W 38° 25' 44.04'',15/12/2017 à 30/05/2024,,,0.0,230.0,,
"{'horEstacao': 123638250, 'horDataHora': '2021-01-25T10:00:00.000+0000'}",50903260,50903260,50903260,,AÇUDE JOANES II MONTANTE MONT.3,-12.6058,-38.4289,,2024-02-09T15:23:11.863+0000,5,"5 - Atlântico, Trecho Leste","50 - RIOS VAZA-BARRIS,ITAPICURU E .",RIO JOANES,BAHIA,SÃO SEBASTIÃO DO PASSÉ,50,50750000,16,16295000,114,114,2017-12-15T10:00:00.000+0000,2024-05-30T20:00:00.000+0000,INEMA-BA,INEMA-BA,Fluviométrica,1,123638250 - AÇUDE JOANES II MONTANTE MONT.3,,False,False,False,S 12° 36' 20.88'',W 38° 25' 44.04'',15/12/2017 à 30/05/2024,,,0.0,230.0,,
"{'horEstacao': 123638250, 'horDataHora': '2021-01-25T20:00:00.000+0000'}",50903260,50903260,50903260,,AÇUDE JOANES II MONTANTE MONT.3,-12.6058,-38.4289,,2024-02-09T15:23:11.863+0000,5,"5 - Atlântico, Trecho Leste","50 - RIOS VAZA-BARRIS,ITAPICURU E .",RIO JOANES,BAHIA,SÃO SEBASTIÃO DO PASSÉ,50,50750000,16,16295000,114,114,2017-12-15T10:00:00.000+0000,2024-05-30T20:00:00.000+0000,INEMA-BA,INEMA-BA,Fluviométrica,1,123638250 - AÇUDE JOANES II MONTANTE MONT.3,,False,False,False,S 12° 36' 20.88'',W 38° 25' 44.04'',15/12/2017 à 30/05/2024,,,0.0,230.0,,
"{'horEstacao': 123638250, 'horDataHora': '2021-01-27T10:00:00.000+0000'}",50903260,50903260,50903260,,AÇUDE JOANES II MONTANTE MONT.3,-12.6058,-38.4289,,2024-02-09T15:23:11.863+0000,5,"5 - Atlântico, Trecho Leste","50 - RIOS VAZA-BARRIS,ITAPICURU E .",RIO JOANES,BAHIA,SÃO SEBASTIÃO DO PASSÉ,50,50750000,16,16295000,114,114,2017-12-15T10:00:00.000+0000,2024-05-30T20:00:00.000+0000,INEMA-BA,INEMA-BA,Fluviométrica,1,123638250 - AÇUDE JOANES II MONTANTE MONT.3,,False,False,False,S 12° 36' 20.88'',W 38° 25' 44.04'',15/12/2017 à 30/05/2024,,,0.0,228.0,,
"{'horEstacao': 123638250, 'horDataHora': '2021-01-27T20:00:00.000+0000'}",50903260,50903260,50903260,,AÇUDE JOANES II MONTANTE MONT.3,-12.6058,-38.4289,,2024-02-09T15:23:11.863+0000,5,"5 - Atlântico, Trecho Leste","50 - RIOS VAZA-BARRIS,ITAPICURU E .",RIO JOANES,BAHIA,SÃO SEBASTIÃO DO PASSÉ,50,50750000,16,16295000,114,114,2017-12-15T10:00:00.000+0000,2024-05-30T20:00:00.000+0000,INEMA-BA,INEMA-BA,Fluviométrica,1,123638250 - AÇUDE JOANES II MONTANTE MONT.3,,False,False,False,S 12° 36' 20.88'',W 38° 25' 44.04'',15/12/2017 à 30/05/2024,,,0.0,228.0,,
"{'horEstacao': 123638250, 'horDataHora': '2021-01-28T10:00:00.000+0000'}",50903260,50903260,50903260,,AÇUDE JOANES II MONTANTE MONT.3,-12.6058,-38.4289,,2024-02-09T15:23:11.863+0000,5,"5 - Atlântico, Trecho Leste","50 - RIOS VAZA-BARRIS,ITAPICURU E .",RIO JOANES,BAHIA,SÃO SEBASTIÃO DO PASSÉ,50,50750000,16,16295000,114,114,2017-12-15T10:00:00.000+0000,2024-05-30T20:00:00.000+0000,INEMA-BA,INEMA-BA,Fluviométrica,1,123638250 - AÇUDE JOANES II MONTANTE MONT.3,,False,False,False,S 12° 36' 20.88'',W 38° 25' 44.04'',15/12/2017 à 30/05/2024,,,0.0,228.0,,
"{'horEstacao': 123638250, 'horDataHora': '2021-01-28T20:00:00.000+0000'}",50903260,50903260,50903260,,AÇUDE JOANES II MONTANTE MONT.3,-12.6058,-38.4289,,2024-02-09T15:23:11.863+0000,5,"5 - Atlântico, Trecho Leste","50 - RIOS VAZA-BARRIS,ITAPICURU E .",RIO JOANES,BAHIA,SÃO SEBASTIÃO DO PASSÉ,50,50750000,16,16295000,114,114,2017-12-15T10:00:00.000+0000,2024-05-30T20:00:00.000+0000,INEMA-BA,INEMA-BA,Fluviométrica,1,123638250 - AÇUDE JOANES II MONTANTE MONT.3,,False,False,False,S 12° 36' 20.88'',W 38° 25' 44.04'',15/12/2017 à 30/05/2024,,,0.0,228.0,,
"{'horEstacao': 123638250, 'horDataHora': '2021-01-29T10:00:00.000+0000'}",50903260,50903260,50903260,,AÇUDE JOANES II MONTANTE MONT.3,-12.6058,-38.4289,,2024-02-09T15:23:11.863+0000,5,"5 - Atlântico, Trecho Leste","50 - RIOS VAZA-BARRIS,ITAPICURU E .",RIO JOANES,BAHIA,SÃO SEBASTIÃO DO PASSÉ,50,50750000,16,16295000,114,114,2017-12-15T10:00:00.000+0000,2024-05-30T20:00:00.000+0000,INEMA-BA,INEMA-BA,Fluviométrica,1,123638250 - AÇUDE JOANES II MONTANTE MONT.3,,False,False,False,S 12° 36' 20.88'',W 38° 25' 44.04'',15/12/2017 à 30/05/2024,,,0.0,228.0,,
"{'horEstacao': 123638250, 'horDataHora': '2021-01-29T20:00:00.000+0000'}",50903260,50903260,50903260,,AÇUDE JOANES II MONTANTE MONT.3,-12.6058,-38.4289,,2024-02-09T15:23:11.863+0000,5,"5 - Atlântico, Trecho Leste","50 - RIOS VAZA-BARRIS,ITAPICURU E .",RIO JOANES,BAHIA,SÃO SEBASTIÃO DO PASSÉ,50,50750000,16,16295000,114,114,2017-12-15T10:00:00.000+0000,2024-05-30T20:00:00.000+0000,INEMA-BA,INEMA-BA,Fluviométrica,1,123638250 - AÇUDE JOANES II MONTANTE MONT.3,,False,False,False,S 12° 36' 20.88'',W 38° 25' 44.04'',15/12/2017 à 30/05/2024,,,0.0,228.0,,
"{'horEstacao': 123638250, 'horDataHora': '2021-01-30T10:00:00.000+0000'}",50903260,50903260,50903260,,AÇUDE JOANES II MONTANTE MONT.3,-12.6058,-38.4289,,2024-02-09T15:23:11.863+0000,5,"5 - Atlântico, Trecho Leste","50 - RIOS VAZA-BARRIS,ITAPICURU E .",RIO JOANES,BAHIA,SÃO SEBASTIÃO DO PASSÉ,50,50750000,16,16295000,114,114,2017-12-15T10:00:00.000+0000,2024-05-30T20:00:00.000+0000,INEMA-BA,INEMA-BA,Fluviométrica,1,123638250 - AÇUDE JOANES II MONTANTE MONT.3,,False,False,False,S 12° 36' 20.88'',W 38° 25' 44.04'',15/12/2017 à 30/05/2024,,,0.0,228.0,,
"{'horEstacao': 123638250, 'horDataHora': '2021-01-30T20:00:00.000+0000'}",50903260,50903260,50903260,,AÇUDE JOANES II MONTANTE MONT.3,-12.6058,-38.4289,,2024-02-09T15:23:11.863+0000,5,"5 - Atlântico, Trecho Leste","50 - RIOS VAZA-BARRIS,ITAPICURU E .",RIO JOANES,BAHIA,SÃO SEBASTIÃO DO PASSÉ,50,50750000,16,16295000,114,114,2017-12-15T10:00:00.000+0000,2024-05-30T20:00:00.000+0000,INEMA-BA,INEMA-BA,Fluviométrica,1,123638250 - AÇUDE JOANES II MONTANTE MONT.3,,False,False,False,S 12° 36' 20.88'',W 38° 25' 44.04'',15/12/2017 à 30/05/2024,,,0.0,228.0,,
"{'horEstacao': 123638250, 'horDataHora': '2021-01-31T10:00:00.000+0000'}",50903260,50903260,50903260,,AÇUDE JOANES II MONTANTE MONT.3,-12.6058,-38.4289,,2024-02-09T15:23:11.863+0000,5,"5 - Atlântico, Trecho Leste","50 - RIOS VAZA-BARRIS,ITAPICURU E .",RIO JOANES,BAHIA,SÃO SEBASTIÃO DO PASSÉ,50,50750000,16,16295000,114,114,2017-12-15T10:00:00.000+0000,2024-05-30T20:00:00.000+0000,INEMA-BA,INEMA-BA,Fluviométrica,1,123638250 - AÇUDE JOANES II MONTANTE MONT.3,,False,False,False,S 12° 36' 20.88'',W 38° 25' 44.04'',15/12/2017 à 30/05/2024,,,0.0,228.0,,
"{'horEstacao': 123638250, 'horDataHora': '2021-02-01T20:00:00.000+0000'}",50903260,50903260,50903260,,AÇUDE JOANES II MONTANTE MONT.3,-12.6058,-38.4289,,2024-02-09T15:23:11.863+0000,5,"5 - Atlântico, Trecho Leste","50 - RIOS VAZA-BARRIS,ITAPICURU E .",RIO JOANES,BAHIA,SÃO SEBASTIÃO DO PASSÉ,50,50750000,16,16295000,114,114,2017-12-15T10:00:00.000+0000,2024-05-30T20:00:00.000+0000,INEMA-BA,INEMA-BA,Fluviométrica,1,123638250 - AÇUDE JOANES II MONTANTE MONT.3,,False,False,False,S 12° 36' 20.88'',W 38° 25' 44.04'',15/12/2017 à 30/05/2024,,,0.0,230.0,,
"{'horEstacao': 123638250, 'horDataHora': '2021-02-02T10:00:00.000+0000'}",50903260,50903260,50903260,,AÇUDE JOANES II MONTANTE MONT.3,-12.6058,-38.4289,,2024-02-09T15:23:11.863+0000,5,"5 - Atlântico, Trecho Leste","50 - RIOS VAZA-BARRIS,ITAPICURU E .",RIO JOANES,BAHIA,SÃO SEBASTIÃO DO PASSÉ,50,50750000,16,16295000,114,114,2017-12-15T10:00:00.000+0000,2024-05-30T20:00:00.000+0000,INEMA-BA,INEMA-BA,Fluviométrica,1,123638250 - AÇUDE JOANES II MONTANTE MONT.3,,False,False,False,S 12° 36' 20.88'',W 38° 25' 44.04'',15/12/2017 à 30/05/2024,,,0.0,230.0,,
"{'horEstacao': 123638250, 'horDataHora': '2021-02-02T20:00:00.000+0000'}",50903260,50903260,50903260,,AÇUDE JOANES II MONTANTE MONT.3,-12.6058,-38.4289,,2024-02-09T15:23:11.863+0000,5,"5 - Atlântico, Trecho Leste","50 - RIOS VAZA-BARRIS,ITAPICURU E .",RIO JOANES,BAHIA,SÃO SEBASTIÃO DO PASSÉ,50,50750000,16,16295000,114,114,2017-12-15T10:00:00.000+0000,2024-05-30T20:00:00.000+0000,INEMA-BA,INEMA-BA,Fluviométrica,1,123638250 - AÇUDE JOANES II MONTANTE MONT.3,,False,False,False,S 12° 36' 20.88'',W 38° 25' 44.04'',15/12/2017 à 30/05/2024,,,0.0,238.0,,
"{'horEstacao': 123638250, 'horDataHora': '2021-02-04T10:00:00.000+0000'}",50903260,50903260,50903260,,AÇUDE JOANES II MONTANTE MONT.3,-12.6058,-38.4289,,2024-02-09T15:23:11.863+0000,5,"5 - Atlântico, Trecho Leste","50 - RIOS VAZA-BARRIS,ITAPICURU E .",RIO JOANES,BAHIA,SÃO SEBASTIÃO DO PASSÉ,50,50750000,16,16295000,114,114,2017-12-15T10:00:00.000+0000,2024-05-30T20:00:00.000+0000,INEMA-BA,INEMA-BA,Fluviométrica,1,123638250 - AÇUDE JOANES II MONTANTE MONT.3,,False,False,False,S 12° 36' 20.88'',W 38° 25' 44.04'',15/12/2017 à 30/05/2024,,,0.0,234.0,,
"{'horEstacao': 123638250, 'horDataHora': '2021-02-04T20:00:00.000+0000'}",50903260,50903260,50903260,,AÇUDE JOANES II MONTANTE MONT.3,-12.6058,-38.4289,,2024-02-09T15:23:11.863+0000,5,"5 - Atlântico, Trecho Leste","50 - RIOS VAZA-BARRIS,ITAPICURU E .",RIO JOANES,BAHIA,SÃO SEBASTIÃO DO PASSÉ,50,50750000,16,16295000,114,114,2017-12-15T10:00:00.000+0000,2024-05-30T20:00:00.000+0000,INEMA-BA,INEMA-BA,Fluviométrica,1,123638250 - AÇUDE JOANES II MONTANTE MONT.3,,False,False,False,S 12° 36' 20.88'',W 38° 25' 44.04'',15/12/2017 à 30/05/2024,,,0.0,234.0,,
"{'horEstacao': 123638250, 'horDataHora': '2021-02-07T10:00:00.000+0000'}",50903260,50903260,50903260,,AÇUDE JOANES II MONTANTE MONT.3,-12.6058,-38.4289,,2024-02-09T15:23:11.863+0000,5,"5 - Atlântico, Trecho Leste","50 - RIOS VAZA-BARRIS,ITAPICURU E .",RIO JOANES,BAHIA,SÃO SEBASTIÃO DO PASSÉ,50,50750000,16,16295000,114,114,2017-12-15T10:00:00.000+0000,2024-05-30T20:00:00.000+0000,INEMA-BA,INEMA-BA,Fluviométrica,1,123638250 - AÇUDE JOANES II MONTANTE MONT.3,,False,False,False,S 12° 36' 20.88'',W 38° 25' 44.04'',15/12/2017 à 30/05/2024,,,0.0,230.0,,
"{'horEstacao': 123638250, 'horDataHora': '2021-02-07T20:00:00.000+0000'}",50903260,50903260,50903260,,AÇUDE JOANES II MONTANTE MONT.3,-12.6058,-38.4289,,2024-02-09T15:23:11.863+0000,5,"5 - Atlântico, Trecho Leste","50 - RIOS VAZA-BARRIS,ITAPICURU E .",RIO JOANES,BAHIA,SÃO SEBASTIÃO DO PASSÉ,50,50750000,16,16295000,114,114,2017-12-15T10:00:00.000+0000,2024-05-30T20:00:00.000+0000,INEMA-BA,INEMA-BA,Fluviométrica,1,123638250 - AÇUDE JOANES II MONTANTE MONT.3,,False,False,False,S 12° 36' 20.88'',W 38° 25' 44.04'',15/12/2017 à 30/05/2024,,,0.0,230.0,,
"{'horEstacao': 123638250, 'horDataHora': '2021-02-08T10:00:00.000+0000'}",50903260,50903260,50903260,,AÇUDE JOANES II MONTANTE MONT.3,-12.6058,-38.4289,,2024-02-09T15:23:11.863+0000,5,"5 - Atlântico, Trecho Leste","50 - RIOS VAZA-BARRIS,ITAPICURU E .",RIO JOANES,BAHIA,SÃO SEBASTIÃO DO PASSÉ,50,50750000,16,16295000,114,114,2017-12-15T10:00:00.000+0000,2024-05-30T20:00:00.000+0000,INEMA-BA,INEMA-BA,Fluviométrica,1,123638250 - AÇUDE JOANES II MONTANTE MONT.3,,False,False,False,S 12° 36' 20.88'',W 38° 25' 44.04'',15/12/2017 à 30/05/2024,,,0.0,230.0,,
"{'horEstacao': 123638250, 'horDataHora': '2021-02-10T10:00:00.000+0000'}",50903260,50903260,50903260,,AÇUDE JOANES II MONTANTE MONT.3,-12.6058,-38.4289,,2024-02-09T15:23:11.863+0000,5,"5 - Atlântico, Trecho Leste","50 - RIOS VAZA-BARRIS,ITAPICURU E .",RIO JOANES,BAHIA,SÃO SEBASTIÃO DO PASSÉ,50,50750000,16,16295000,114,114,2017-12-15T10:00:00.000+0000,2024-05-30T20:00:00.000+0000,INEMA-BA,INEMA-BA,Fluviométrica,1,123638250 - AÇUDE JOANES II MONTANTE MONT.3,,False,False,False,S 12° 36' 20.88'',W 38° 25' 44.04'',15/12/2017 à 30/05/2024,,,0.0,228.0,,
"{'horEstacao': 123638250, 'horDataHora': '2021-02-10T20:00:00.000+0000'}",50903260,50903260,50903260,,AÇUDE JOANES II MONTANTE MONT.3,-12.6058,-38.4289,,2024-02-09T15:23:11.863+0000,5,"5 - Atlântico, Trecho Leste","50 - RIOS VAZA-BARRIS,ITAPICURU E .",RIO JOANES,BAHIA,SÃO SEBASTIÃO DO PASSÉ,50,50750000,16,16295000,114,114,2017-12-15T10:00:00.000+0000,2024-05-30T20:00:00.000+0000,INEMA-BA,INEMA-BA,Fluviométrica,1,123638250 - AÇUDE JOANES II MONTANTE MONT.3,,False,False,False,S 12° 36' 20.88'',W 38° 25' 44.04'',15/12/2017 à 30/05/2024,,,0.0,228.0,,
"{'horEstacao': 123638250, 'horDataHora': '2021-02-11T10:00:00.000+0000'}",50903260,50903260,50903260,,AÇUDE JOANES II MONTANTE MONT.3,-12.6058,-38.4289,,2024-02-09T15:23:11.863+0000,5,"5 - Atlântico, Trecho Leste","50 - RIOS VAZA-BARRIS,ITAPICURU E .",RIO JOANES,BAHIA,SÃO SEBASTIÃO DO PASSÉ,50,50750000,16,16295000,114,114,2017-12-15T10:00:00.000+0000,2024-05-30T20:00:00.000+0000,INEMA-BA,INEMA-BA,Fluviométrica,1,123638250 - AÇUDE JOANES II MONTANTE MONT.3,,False,False,False,S 12° 36' 20.88'',W 38° 25' 44.04'',15/12/2017 à 30/05/2024,,,0.0,226.0,,
"{'horEstacao': 123638250, 'horDataHora': '2021-02-11T20:00:00.000+0000'}",50903260,50903260,50903260,,AÇUDE JOANES II MONTANTE MONT.3,-12.6058,-38.4289,,2024-02-09T15:23:11.863+0000,5,"5 - Atlântico, Trecho Leste","50 - RIOS VAZA-BARRIS,ITAPICURU E .",RIO JOANES,BAHIA,SÃO SEBASTIÃO DO PASSÉ,50,50750000,16,16295000,114,114,2017-12-15T10:00:00.000+0000,2024-05-30T20:00:00.000+0000,INEMA-BA,INEMA-BA,Fluviométrica,1,123638250 - AÇUDE JOANES II MONTANTE MONT.3,,False,False,False,S 12° 36' 20.88'',W 38° 25' 44.04'',15/12/2017 à 30/05/2024,,,0.0,226.0,,
"{'horEstacao': 123638250, 'horDataHora': '2021-02-13T20:00:00.000+0000'}",50903260,50903260,50903260,,AÇUDE JOANES II MONTANTE MONT.3,-12.6058,-38.4289,,2024-02-09T15:23:11.863+0000,5,"5 - Atlântico, Trecho Leste","50 - RIOS VAZA-BARRIS,ITAPICURU E .",RIO JOANES,BAHIA,SÃO SEBASTIÃO DO PASSÉ,50,50750000,16,16295000,114,114,2017-12-15T10:00:00.000+0000,2024-05-30T20:00:00.000+0000,INEMA-BA,INEMA-BA,Fluviométrica,1,123638250 - AÇUDE JOANES II MONTANTE MONT.3,,False,False,False,S 12° 36' 20.88'',W 38° 25' 44.04'',15/12/2017 à 30/05/2024,,,0.0,224.0,,
"{'horEstacao': 123638250, 'horDataHora': '2021-02-14T10:00:00.000+0000'}",50903260,50903260,50903260,,AÇUDE JOANES II MONTANTE MONT.3,-12.6058,-38.4289,,2024-02-09T15:23:11.863+0000,5,"5 - Atlântico, Trecho Leste","50 - RIOS VAZA-BARRIS,ITAPICURU E .",RIO JOANES,BAHIA,SÃO SEBASTIÃO DO PASSÉ,50,50750000,16,16295000,114,114,2017-12-15T10:00:00.000+0000,2024-05-30T20:00:00.000+0000,INEMA-BA,INEMA-BA,Fluviométrica,1,123638250 - AÇUDE JOANES II MONTANTE MONT.3,,False,False,False,S 12° 36' 20.88'',W 38° 25' 44.04'',15/12/2017 à 30/05/2024,,,0.0,222.0,,
"{'horEstacao': 123638250, 'horDataHora': '2021-02-14T20:00:00.000+0000'}",50903260,50903260,50903260,,AÇUDE JOANES II MONTANTE MONT.3,-12.6058,-38.4289,,2024-02-09T15:23:11.863+0000,5,"5 - Atlântico, Trecho Leste","50 - RIOS VAZA-BARRIS,ITAPICURU E .",RIO JOANES,BAHIA,SÃO SEBASTIÃO DO PASSÉ,50,50750000,16,16295000,114,114,2017-12-15T10:00:00.000+0000,2024-05-30T20:00:00.000+0000,INEMA-BA,INEMA-BA,Fluviométrica,1,123638250 - AÇUDE JOANES II MONTANTE MONT.3,,False,False,False,S 12° 36' 20.88'',W 38° 25' 44.04'',15/12/2017 à 30/05/2024,,,0.0,222.0,,
"{'horEstacao': 123638250, 'horDataHora': '2021-02-15T10:00:00.000+0000'}",50903260,50903260,50903260,,AÇUDE JOANES II MONTANTE MONT.3,-12.6058,-38.4289,,2024-02-09T15:23:11.863+0000,5,"5 - Atlântico, Trecho Leste","50 - RIOS VAZA-BARRIS,ITAPICURU E .",RIO JOANES,BAHIA,SÃO SEBASTIÃO DO PASSÉ,50,50750000,16,16295000,114,114,2017-12-15T10:00:00.000+0000,2024-05-30T20:00:00.000+0000,INEMA-BA,INEMA-BA,Fluviométrica,1,123638250 - AÇUDE JOANES II MONTANTE MONT.3,,False,False,False,S 12° 36' 20.88'',W 38° 25' 44.04'',15/12/2017 à 30/05/2024,,,0.0,220.0,,
"{'horEstacao': 123638250, 'horDataHora': '2021-02-15T20:00:00.000+0000'}",50903260,50903260,50903260,,AÇUDE JOANES II MONTANTE MONT.3,-12.6058,-38.4289,,2024-02-09T15:23:11.863+0000,5,"5 - Atlântico, Trecho Leste","50 - RIOS VAZA-BARRIS,ITAPICURU E .",RIO JOANES,BAHIA,SÃO SEBASTIÃO DO PASSÉ,50,50750000,16,16295000,114,114,2017-12-15T10:00:00.000+0000,2024-05-30T20:00:00.000+0000,INEMA-BA,INEMA-BA,Fluviométrica,1,123638250 - AÇUDE JOANES II MONTANTE MONT.3,,False,False,False,S 12° 36' 20.88'',W 38° 25' 44.04'',15/12/2017 à 30/05/2024,,,0.0,220.0,,
"{'horEstacao': 123638250, 'horDataHora': '2021-02-16T10:00:00.000+0000'}",50903260,50903260,50903260,,AÇUDE JOANES II MONTANTE MONT.3,-12.6058,-38.4289,,2024-02-09T15:23:11.863+0000,5,"5 - Atlântico, Trecho Leste","50 - RIOS VAZA-BARRIS,ITAPICURU E .",RIO JOANES,BAHIA,SÃO SEBASTIÃO DO PASSÉ,50,50750000,16,16295000,114,114,2017-12-15T10:00:00.000+0000,2024-05-30T20:00:00.000+0000,INEMA-BA,INEMA-BA,Fluviométrica,1,123638250 - AÇUDE JOANES II MONTANTE MONT.3,,False,False,False,S 12° 36' 20.88'',W 38° 25' 44.04'',15/12/2017 à 30/05/2024,,,0.0,224.0,,
"{'horEstacao': 123638250, 'horDataHora': '2021-02-17T10:00:00.000+0000'}",50903260,50903260,50903260,,AÇUDE JOANES II MONTANTE MONT.3,-12.6058,-38.4289,,2024-02-09T15:23:11.863+0000,5,"5 - Atlântico, Trecho Leste","50 - RIOS VAZA-BARRIS,ITAPICURU E .",RIO JOANES,BAHIA,SÃO SEBASTIÃO DO PASSÉ,50,50750000,16,16295000,114,114,2017-12-15T10:00:00.000+0000,2024-05-30T20:00:00.000+0000,INEMA-BA,INEMA-BA,Fluviométrica,1,123638250 - AÇUDE JOANES II MONTANTE MONT.3,,False,False,False,S 12° 36' 20.88'',W 38° 25' 44.04'',15/12/2017 à 30/05/2024,,,0.0,224.0,,
"{'horEstacao': 123638250, 'horDataHora': '2021-02-17T20:00:00.000+0000'}",50903260,50903260,50903260,,AÇUDE JOANES II MONTANTE MONT.3,-12.6058,-38.4289,,2024-02-09T15:23:11.863+0000,5,"5 - Atlântico, Trecho Leste","50 - RIOS VAZA-BARRIS,ITAPICURU E .",RIO JOANES,BAHIA,SÃO SEBASTIÃO DO PASSÉ,50,50750000,16,16295000,114,114,2017-12-15T10:00:00.000+0000,2024-05-30T20:00:00.000+0000,INEMA-BA,INEMA-BA,Fluviométrica,1,123638250 - AÇUDE JOANES II MONTANTE MONT.3,,False,False,False,S 12° 36' 20.88'',W 38° 25' 44.04'',15/12/2017 à 30/05/2024,,,0.0,224.0,,
"{'horEstacao': 123638250, 'horDataHora': '2021-02-18T10:00:00.000+0000'}",50903260,50903260,50903260,,AÇUDE JOANES II MONTANTE MONT.3,-12.6058,-38.4289,,2024-02-09T15:23:11.863+0000,5,"5 - Atlântico, Trecho Leste","50 - RIOS VAZA-BARRIS,ITAPICURU E .",RIO JOANES,BAHIA,SÃO SEBASTIÃO DO PASSÉ,50,50750000,16,16295000,114,114,2017-12-15T10:00:00.000+0000,2024-05-30T20:00:00.000+0000,INEMA-BA,INEMA-BA,Fluviométrica,1,123638250 - AÇUDE JOANES II MONTANTE MONT.3,,False,False,False,S 12° 36' 20.88'',W 38° 25' 44.04'',15/12/2017 à 30/05/2024,,,0.0,228.0,,
"{'horEstacao': 123638250, 'horDataHora': '2021-02-19T10:00:00.000+0000'}",50903260,50903260,50903260,,AÇUDE JOANES II MONTANTE MONT.3,-12.6058,-38.4289,,2024-02-09T15:23:11.863+0000,5,"5 - Atlântico, Trecho Leste","50 - RIOS VAZA-BARRIS,ITAPICURU E .",RIO JOANES,BAHIA,SÃO SEBASTIÃO DO PASSÉ,50,50750000,16,16295000,114,114,2017-12-15T10:00:00.000+0000,2024-05-30T20:00:00.000+0000,INEMA-BA,INEMA-BA,Fluviométrica,1,123638250 - AÇUDE JOANES II MONTANTE MONT.3,,False,False,False,S 12° 36' 20.88'',W 38° 25' 44.04'',15/12/2017 à 30/05/2024,,,0.0,228.0,,
"{'horEstacao': 123638250, 'horDataHora': '2021-02-19T20:00:00.000+0000'}",50903260,50903260,50903260,,AÇUDE JOANES II MONTANTE MONT.3,-12.6058,-38.4289,,2024-02-09T15:23:11.863+0000,5,"5 - Atlântico, Trecho Leste","50 - RIOS VAZA-BARRIS,ITAPICURU E .",RIO JOANES,BAHIA,SÃO SEBASTIÃO DO PASSÉ,50,50750000,16,16295000,114,114,2017-12-15T10:00:00.000+0000,2024-05-30T20:00:00.000+0000,INEMA-BA,INEMA-BA,Fluviométrica,1,123638250 - AÇUDE JOANES II MONTANTE MONT.3,,False,False,False,S 12° 36' 20.88'',W 38° 25' 44.04'',15/12/2017 à 30/05/2024,,,0.0,228.0,,
"{'horEstacao': 123638250, 'horDataHora': '2021-02-20T10:00:00.000+0000'}",50903260,50903260,50903260,,AÇUDE JOANES II MONTANTE MONT.3,-12.6058,-38.4289,,2024-02-09T15:23:11.863+0000,5,"5 - Atlântico, Trecho Leste","50 - RIOS VAZA-BARRIS,ITAPICURU E .",RIO JOANES,BAHIA,SÃO SEBASTIÃO DO PASSÉ,50,50750000,16,16295000,114,114,2017-12-15T10:00:00.000+0000,2024-05-30T20:00:00.000+0000,INEMA-BA,INEMA-BA,Fluviométrica,1,123638250 - AÇUDE JOANES II MONTANTE MONT.3,,False,False,False,S 12° 36' 20.88'',W 38° 25' 44.04'',15/12/2017 à 30/05/2024,,,0.0,224.0,,
"{'horEstacao': 123638250, 'horDataHora': '2021-02-20T20:00:00.000+0000'}",50903260,50903260,50903260,,AÇUDE JOANES II MONTANTE MONT.3,-12.6058,-38.4289,,2024-02-09T15:23:11.863+0000,5,"5 - Atlântico, Trecho Leste","50 - RIOS VAZA-BARRIS,ITAPICURU E .",RIO JOANES,BAHIA,SÃO SEBASTIÃO DO PASSÉ,50,50750000,16,16295000,114,114,2017-12-15T10:00:00.000+0000,2024-05-30T20:00:00.000+0000,INEMA-BA,INEMA-BA,Fluviométrica,1,123638250 - AÇUDE JOANES II MONTANTE MONT.3,,False,False,False,S 12° 36' 20.88'',W 38° 25' 44.04'',15/12/2017 à 30/05/2024,,,0.0,224.0,,
"{'horEstacao': 123638250, 'horDataHora': '2021-02-21T10:00:00.000+0000'}",50903260,50903260,50903260,,AÇUDE JOANES II MONTANTE MONT.3,-12.6058,-38.4289,,2024-02-09T15:23:11.863+0000,5,"5 - Atlântico, Trecho Leste","50 - RIOS VAZA-BARRIS,ITAPICURU E .",RIO JOANES,BAHIA,SÃO SEBASTIÃO DO PASSÉ,50,50750000,16,16295000,114,114,2017-12-15T10:00:00.000+0000,2024-05-30T20:00:00.000+0000,INEMA-BA,INEMA-BA,Fluviométrica,1,123638250 - AÇUDE JOANES II MONTANTE MONT.3,,False,False,False,S 12° 36' 20.88'',W 38° 25' 44.04'',15/12/2017 à 30/05/2024,,,0.0,224.0,,
"{'horEstacao': 123638250, 'horDataHora': '2021-02-23T10:00:00.000+0000'}",50903260,50903260,50903260,,AÇUDE JOANES II MONTANTE MONT.3,-12.6058,-38.4289,,2024-02-09T15:23:11.863+0000,5,"5 - Atlântico, Trecho Leste","50 - RIOS VAZA-BARRIS,ITAPICURU E .",RIO JOANES,BAHIA,SÃO SEBASTIÃO DO PASSÉ,50,50750000,16,16295000,114,114,2017-12-15T10:00:00.000+0000,2024-05-30T20:00:00.000+0000,INEMA-BA,INEMA-BA,Fluviométrica,1,123638250 - AÇUDE JOANES II MONTANTE MONT.3,,False,False,False,S 12° 36' 20.88'',W 38° 25' 44.04'',15/12/2017 à 30/05/2024,,,0.0,220.0,,
"{'horEstacao': 123638250, 'horDataHora': '2021-02-23T20:00:00.000+0000'}",50903260,50903260,50903260,,AÇUDE JOANES II MONTANTE MONT.3,-12.6058,-38.4289,,2024-02-09T15:23:11.863+0000,5,"5 - Atlântico, Trecho Leste","50 - RIOS VAZA-BARRIS,ITAPICURU E .",RIO JOANES,BAHIA,SÃO SEBASTIÃO DO PASSÉ,50,50750000,16,16295000,114,114,2017-12-15T10:00:00.000+0000,2024-05-30T20:00:00.000+0000,INEMA-BA,INEMA-BA,Fluviométrica,1,123638250 - AÇUDE JOANES II MONTANTE MONT.3,,False,False,False,S 12° 36' 20.88'',W 38° 25' 44.04'',15/12/2017 à 30/05/2024,,,0.0,220.0,,
"{'horEstacao': 123638250, 'horDataHora': '2021-02-24T10:00:00.000+0000'}",50903260,50903260,50903260,,AÇUDE JOANES II MONTANTE MONT.3,-12.6058,-38.4289,,2024-02-09T15:23:11.863+0000,5,"5 - Atlântico, Trecho Leste","50 - RIOS VAZA-BARRIS,ITAPICURU E .",RIO JOANES,BAHIA,SÃO SEBASTIÃO DO PASSÉ,50,50750000,16,16295000,114,114,2017-12-15T10:00:00.000+0000,2024-05-30T20:00:00.000+0000,INEMA-BA,INEMA-BA,Fluviométrica,1,123638250 - AÇUDE JOANES II MONTANTE MONT.3,,False,False,False,S 12° 36' 20.88'',W 38° 25' 44.04'',15/12/2017 à 30/05/2024,,,0.0,220.0,,
"{'horEstacao': 123638250, 'horDataHora': '2021-02-24T20:00:00.000+0000'}",50903260,50903260,50903260,,AÇUDE JOANES II MONTANTE MONT.3,-12.6058,-38.4289,,2024-02-09T15:23:11.863+0000,5,"5 - Atlântico, Trecho Leste","50 - RIOS VAZA-BARRIS,ITAPICURU E .",RIO JOANES,BAHIA,SÃO SEBASTIÃO DO PASSÉ,50,50750000,16,16295000,114,114,2017-12-15T10:00:00.000+0000,2024-05-30T20:00:00.000+0000,INEMA-BA,INEMA-BA,Fluviométrica,1,123638250 - AÇUDE JOANES II MONTANTE MONT.3,,False,False,False,S 12° 36' 20.88'',W 38° 25' 44.04'',15/12/2017 à 30/05/2024,,,0.0,220.0,,
"{'horEstacao': 123638250, 'horDataHora': '2021-02-25T10:00:00.000+0000'}",50903260,50903260,50903260,,AÇUDE JOANES II MONTANTE MONT.3,-12.6058,-38.4289,,2024-02-09T15:23:11.863+0000,5,"5 - Atlântico, Trecho Leste","50 - RIOS VAZA-BARRIS,ITAPICURU E .",RIO JOANES,BAHIA,SÃO SEBASTIÃO DO PASSÉ,50,50750000,16,16295000,114,114,2017-12-15T10:00:00.000+0000,2024-05-30T20:00:00.000+0000,INEMA-BA,INEMA-BA,Fluviométrica,1,123638250 - AÇUDE JOANES II MONTANTE MONT.3,,False,False,False,S 12° 36' 20.88'',W 38° 25' 44.04'',15/12/2017 à 30/05/2024,,,0.0,220.0,,
"{'horEstacao': 123638250, 'horDataHora': '2021-02-25T20:00:00.000+0000'}",50903260,50903260,50903260,,AÇUDE JOANES II MONTANTE MONT.3,-12.6058,-38.4289,,2024-02-09T15:23:11.863+0000,5,"5 - Atlântico, Trecho Leste","50 - RIOS VAZA-BARRIS,ITAPICURU E .",RIO JOANES,BAHIA,SÃO SEBASTIÃO DO PASSÉ,50,50750000,16,16295000,114,114,2017-12-15T10:00:00.000+0000,2024-05-30T20:00:00.000+0000,INEMA-BA,INEMA-BA,Fluviométrica,1,123638250 - AÇUDE JOANES II MONTANTE MONT.3,,False,False,False,S 12° 36' 20.88'',W 38° 25' 44.04'',15/12/2017 à 30/05/2024,,,0.0,220.0,,
"{'horEstacao': 123638250, 'horDataHora': '2021-02-27T10:00:00.000+0000'}",50903260,50903260,50903260,,AÇUDE JOANES II MONTANTE MONT.3,-12.6058,-38.4289,,2024-02-09T15:23:11.863+0000,5,"5 - Atlântico, Trecho Leste","50 - RIOS VAZA-BARRIS,ITAPICURU E .",RIO JOANES,BAHIA,SÃO SEBASTIÃO DO PASSÉ,50,50750000,16,16295000,114,114,2017-12-15T10:00:00.000+0000,2024-05-30T20:00:00.000+0000,INEMA-BA,INEMA-BA,Fluviométrica,1,123638250 - AÇUDE JOANES II MONTANTE MONT.3,,False,False,False,S 12° 36' 20.88'',W 38° 25' 44.04'',15/12/2017 à 30/05/2024,,,0.0,222.0,,
"{'horEstacao': 123638250, 'horDataHora': '2021-02-27T20:00:00.000+0000'}",50903260,50903260,50903260,,AÇUDE JOANES II MONTANTE MONT.3,-12.6058,-38.4289,,2024-02-09T15:23:11.863+0000,5,"5 - Atlântico, Trecho Leste","50 - RIOS VAZA-BARRIS,ITAPICURU E .",RIO JOANES,BAHIA,SÃO SEBASTIÃO DO PASSÉ,50,50750000,16,16295000,114,114,2017-12-15T10:00:00.000+0000,2024-05-30T20:00:00.000+0000,INEMA-BA,INEMA-BA,Fluviométrica,1,123638250 - AÇUDE JOANES II MONTANTE MONT.3,,False,False,False,S 12° 36' 20.88'',W 38° 25' 44.04'',15/12/2017 à 30/05/2024,,,0.0,222.0,,
"{'horEstacao': 123638250, 'horDataHora': '2021-02-28T10:00:00.000+0000'}",50903260,50903260,50903260,,AÇUDE JOANES II MONTANTE MONT.3,-12.6058,-38.4289,,2024-02-09T15:23:11.863+0000,5,"5 - Atlântico, Trecho Leste","50 - RIOS VAZA-BARRIS,ITAPICURU E .",RIO JOANES,BAHIA,SÃO SEBASTIÃO DO PASSÉ,50,50750000,16,16295000,114,114,2017-12-15T10:00:00.000+0000,2024-05-30T20:00:00.000+0000,INEMA-BA,INEMA-BA,Fluviométrica,1,123638250 - AÇUDE JOANES II MONTANTE MONT.3,,False,False,False,S 12° 36' 20.88'',W 38° 25' 44.04'',15/12/2017 à 30/05/2024,,,0.0,222.0,,
"{'horEstacao': 123638250, 'horDataHora': '2021-02-28T20:00:00.000+0000'}",50903260,50903260,50903260,,AÇUDE JOANES II MONTANTE MONT.3,-12.6058,-38.4289,,2024-02-09T15:23:11.863+0000,5,"5 - Atlântico, Trecho Leste","50 - RIOS VAZA-BARRIS,ITAPICURU E .",RIO JOANES,BAHIA,SÃO SEBASTIÃO DO PASSÉ,50,50750000,16,16295000,114,114,2017-12-15T10:00:00.000+0000,2024-05-30T20:00:00.000+0000,INEMA-BA,INEMA-BA,Fluviométrica,1,123638250 - AÇUDE JOANES II MONTANTE MONT.3,,False,False,False,S 12° 36' 20.88'',W 38° 25' 44.04'',15/12/2017 à 30/05/2024,,,0.0,222.0,,
"{'horEstacao': 123638250, 'horDataHora': '2021-03-01T10:00:00.000+0000'}",50903260,50903260,50903260,,AÇUDE JOANES II MONTANTE MONT.3,-12.6058,-38.4289,,2024-02-09T15:23:11.863+0000,5,"5 - Atlântico, Trecho Leste","50 - RIOS VAZA-BARRIS,ITAPICURU E .",RIO JOANES,BAHIA,SÃO SEBASTIÃO DO PASSÉ,50,50750000,16,16295000,114,114,2017-12-15T10:00:00.000+0000,2024-05-30T20:00:00.000+0000,INEMA-BA,INEMA-BA,Fluviométrica,1,123638250 - AÇUDE JOANES II MONTANTE MONT.3,,False,False,False,S 12° 36' 20.88'',W 38° 25' 44.04'',15/12/2017 à 30/05/2024,,,0.0,224.0,,
"{'horEstacao': 123638250, 'horDataHora': '2021-03-01T20:00:00.000+0000'}",50903260,50903260,50903260,,AÇUDE JOANES II MONTANTE MONT.3,-12.6058,-38.4289,,2024-02-09T15:23:11.863+0000,5,"5 - Atlântico, Trecho Leste","50 - RIOS VAZA-BARRIS,ITAPICURU E .",RIO JOANES,BAHIA,SÃO SEBASTIÃO DO PASSÉ,50,50750000,16,16295000,114,114,2017-12-15T10:00:00.000+0000,2024-05-30T20:00:00.000+0000,INEMA-BA,INEMA-BA,Fluviométrica,1,123638250 - AÇUDE JOANES II MONTANTE MONT.3,,False,False,False,S 12° 36' 20.88'',W 38° 25' 44.04'',15/12/2017 à 30/05/2024,,,0.0,226.0,,
"{'horEstacao': 123638250, 'horDataHora': '2021-03-03T10:00:00.000+0000'}",50903260,50903260,50903260,,AÇUDE JOANES II MONTANTE MONT.3,-12.6058,-38.4289,,2024-02-09T15:23:11.863+0000,5,"5 - Atlântico, Trecho Leste","50 - RIOS VAZA-BARRIS,ITAPICURU E .",RIO JOANES,BAHIA,SÃO SEBASTIÃO DO PASSÉ,50,50750000,16,16295000,114,114,2017-12-15T10:00:00.000+0000,2024-05-30T20:00:00.000+0000,INEMA-BA,INEMA-BA,Fluviométrica,1,123638250 - AÇUDE JOANES II MONTANTE MONT.3,,False,False,False,S 12° 36' 20.88'',W 38° 25' 44.04'',15/12/2017 à 30/05/2024,,,0.0,230.0,,
"{'horEstacao': 123638250, 'horDataHora': '2021-03-03T20:00:00.000+0000'}",50903260,50903260,50903260,,AÇUDE JOANES II MONTANTE MONT.3,-12.6058,-38.4289,,2024-02-09T15:23:11.863+0000,5,"5 - Atlântico, Trecho Leste","50 - RIOS VAZA-BARRIS,ITAPICURU E .",RIO JOANES,BAHIA,SÃO SEBASTIÃO DO PASSÉ,50,50750000,16,16295000,114,114,2017-12-15T10:00:00.000+0000,2024-05-30T20:00:00.000+0000,INEMA-BA,INEMA-BA,Fluviométrica,1,123638250 - AÇUDE JOANES II MONTANTE MONT.3,,False,False,False,S 12° 36' 20.88'',W 38° 25' 44.04'',15/12/2017 à 30/05/2024,,,0.0,236.0,,
"{'horEstacao': 123638250, 'horDataHora': '2021-03-04T10:00:00.000+0000'}",50903260,50903260,50903260,,AÇUDE JOANES II MONTANTE MONT.3,-12.6058,-38.4289,,2024-02-09T15:23:11.863+0000,5,"5 - Atlântico, Trecho Leste","50 - RIOS VAZA-BARRIS,ITAPICURU E .",RIO JOANES,BAHIA,SÃO SEBASTIÃO DO PASSÉ,50,50750000,16,16295000,114,114,2017-12-15T10:00:00.000+0000,2024-05-30T20:00:00.000+0000,INEMA-BA,INEMA-BA,Fluviométrica,1,123638250 - AÇUDE JOANES II MONTANTE MONT.3,,False,False,False,S 12° 36' 20.88'',W 38° 25' 44.04'',15/12/2017 à 30/05/2024,,,0.0,230.0,,
"{'horEstacao': 123638250, 'horDataHora': '2021-03-04T20:00:00.000+0000'}",50903260,50903260,50903260,,AÇUDE JOANES II MONTANTE MONT.3,-12.6058,-38.4289,,2024-02-09T15:23:11.863+0000,5,"5 - Atlântico, Trecho Leste","50 - RIOS VAZA-BARRIS,ITAPICURU E .",RIO JOANES,BAHIA,SÃO SEBASTIÃO DO PASSÉ,50,50750000,16,16295000,114,114,2017-12-15T10:00:00.000+0000,2024-05-30T20:00:00.000+0000,INEMA-BA,INEMA-BA,Fluviométrica,1,123638250 - AÇUDE JOANES II MONTANTE MONT.3,,False,False,False,S 12° 36' 20.88'',W 38° 25' 44.04'',15/12/2017 à 30/05/2024,,,0.0,230.0,,
"{'horEstacao': 123638250, 'horDataHora': '2021-03-06T10:00:00.000+0000'}",50903260,50903260,50903260,,AÇUDE JOANES II MONTANTE MONT.3,-12.6058,-38.4289,,2024-02-09T15:23:11.863+0000,5,"5 - Atlântico, Trecho Leste","50 - RIOS VAZA-BARRIS,ITAPICURU E .",RIO JOANES,BAHIA,SÃO SEBASTIÃO DO PASSÉ,50,50750000,16,16295000,114,114,2017-12-15T10:00:00.000+0000,2024-05-30T20:00:00.000+0000,INEMA-BA,INEMA-BA,Fluviométrica,1,123638250 - AÇUDE JOANES II MONTANTE MONT.3,,False,False,False,S 12° 36' 20.88'',W 38° 25' 44.04'',15/12/2017 à 30/05/2024,,,0.0,228.0,,
"{'horEstacao': 123638250, 'horDataHora': '2021-03-06T20:00:00.000+0000'}",50903260,50903260,50903260,,AÇUDE JOANES II MONTANTE MONT.3,-12.6058,-38.4289,,2024-02-09T15:23:11.863+0000,5,"5 - Atlântico, Trecho Leste","50 - RIOS VAZA-BARRIS,ITAPICURU E .",RIO JOANES,BAHIA,SÃO SEBASTIÃO DO PASSÉ,50,50750000,16,16295000,114,114,2017-12-15T10:00:00.000+0000,2024-05-30T20:00:00.000+0000,INEMA-BA,INEMA-BA,Fluviométrica,1,123638250 - AÇUDE JOANES II MONTANTE MONT.3,,False,False,False,S 12° 36' 20.88'',W 38° 25' 44.04'',15/12/2017 à 30/05/2024,,,0.0,229.0,,
"{'horEstacao': 123638250, 'horDataHora': '2021-03-07T20:00:00.000+0000'}",50903260,50903260,50903260,,AÇUDE JOANES II MONTANTE MONT.3,-12.6058,-38.4289,,2024-02-09T15:23:11.863+0000,5,"5 - Atlântico, Trecho Leste","50 - RIOS VAZA-BARRIS,ITAPICURU E .",RIO JOANES,BAHIA,SÃO SEBASTIÃO DO PASSÉ,50,50750000,16,16295000,114,114,2017-12-15T10:00:00.000+0000,2024-05-30T20:00:00.000+0000,INEMA-BA,INEMA-BA,Fluviométrica,1,123638250 - AÇUDE JOANES II MONTANTE MONT.3,,False,False,False,S 12° 36' 20.88'',W 38° 25' 44.04'',15/12/2017 à 30/05/2024,,,0.0,226.0,,
"{'horEstacao': 123638250, 'horDataHora': '2021-03-08T10:00:00.000+0000'}",50903260,50903260,50903260,,AÇUDE JOANES II MONTANTE MONT.3,-12.6058,-38.4289,,2024-02-09T15:23:11.863+0000,5,"5 - Atlântico, Trecho Leste","50 - RIOS VAZA-BARRIS,ITAPICURU E .",RIO JOANES,BAHIA,SÃO SEBASTIÃO DO PASSÉ,50,50750000,16,16295000,114,114,2017-12-15T10:00:00.000+0000,2024-05-30T20:00:00.000+0000,INEMA-BA,INEMA-BA,Fluviométrica,1,123638250 - AÇUDE JOANES II MONTANTE MONT.3,,False,False,False,S 12° 36' 20.88'',W 38° 25' 44.04'',15/12/2017 à 30/05/2024,,,0.0,236.0,,
"{'horEstacao': 123638250, 'horDataHora': '2021-03-08T20:00:00.000+0000'}",50903260,50903260,50903260,,AÇUDE JOANES II MONTANTE MONT.3,-12.6058,-38.4289,,2024-02-09T15:23:11.863+0000,5,"5 - Atlântico, Trecho Leste","50 - RIOS VAZA-BARRIS,ITAPICURU E .",RIO JOANES,BAHIA,SÃO SEBASTIÃO DO PASSÉ,50,50750000,16,16295000,114,114,2017-12-15T10:00:00.000+0000,2024-05-30T20:00:00.000+0000,INEMA-BA,INEMA-BA,Fluviométrica,1,123638250 - AÇUDE JOANES II MONTANTE MONT.3,,False,False,False,S 12° 36' 20.88'',W 38° 25' 44.04'',15/12/2017 à 30/05/2024,,,0.0,236.0,,
"{'horEstacao': 123638250, 'horDataHora': '2021-03-09T10:00:00.000+0000'}",50903260,50903260,50903260,,AÇUDE JOANES II MONTANTE MONT.3,-12.6058,-38.4289,,2024-02-09T15:23:11.863+0000,5,"5 - Atlântico, Trecho Leste","50 - RIOS VAZA-BARRIS,ITAPICURU E .",RIO JOANES,BAHIA,SÃO SEBASTIÃO DO PASSÉ,50,50750000,16,16295000,114,114,2017-12-15T10:00:00.000+0000,2024-05-30T20:00:00.000+0000,INEMA-BA,INEMA-BA,Fluviométrica,1,123638250 - AÇUDE JOANES II MONTANTE MONT.3,,False,False,False,S 12° 36' 20.88'',W 38° 25' 44.04'',15/12/2017 à 30/05/2024,,,0.0,224.0,,
"{'horEstacao': 123638250, 'horDataHora': '2021-03-09T20:00:00.000+0000'}",50903260,50903260,50903260,,AÇUDE JOANES II MONTANTE MONT.3,-12.6058,-38.4289,,2024-02-09T15:23:11.863+0000,5,"5 - Atlântico, Trecho Leste","50 - RIOS VAZA-BARRIS,ITAPICURU E .",RIO JOANES,BAHIA,SÃO SEBASTIÃO DO PASSÉ,50,50750000,16,16295000,114,114,2017-12-15T10:00:00.000+0000,2024-05-30T20:00:00.000+0000,INEMA-BA,INEMA-BA,Fluviométrica,1,123638250 - AÇUDE JOANES II MONTANTE MONT.3,,False,False,False,S 12° 36' 20.88'',W 38° 25' 44.04'',15/12/2017 à 30/05/2024,,,0.0,224.0,,
"{'horEstacao': 123638250, 'horDataHora': '2021-03-10T10:00:00.000+0000'}",50903260,50903260,50903260,,AÇUDE JOANES II MONTANTE MONT.3,-12.6058,-38.4289,,2024-02-09T15:23:11.863+0000,5,"5 - Atlântico, Trecho Leste","50 - RIOS VAZA-BARRIS,ITAPICURU E .",RIO JOANES,BAHIA,SÃO SEBASTIÃO DO PASSÉ,50,50750000,16,16295000,114,114,2017-12-15T10:00:00.000+0000,2024-05-30T20:00:00.000+0000,INEMA-BA,INEMA-BA,Fluviométrica,1,123638250 - AÇUDE JOANES II MONTANTE MONT.3,,False,False,False,S 12° 36' 20.88'',W 38° 25' 44.04'',15/12/2017 à 30/05/2024,,,0.0,224.0,,
"{'horEstacao': 123638250, 'horDataHora': '2021-03-10T20:00:00.000+0000'}",50903260,50903260,50903260,,AÇUDE JOANES II MONTANTE MONT.3,-12.6058,-38.4289,,2024-02-09T15:23:11.863+0000,5,"5 - Atlântico, Trecho Leste","50 - RIOS VAZA-BARRIS,ITAPICURU E .",RIO JOANES,BAHIA,SÃO SEBASTIÃO DO PASSÉ,50,50750000,16,16295000,114,114,2017-12-15T10:00:00.000+0000,2024-05-30T20:00:00.000+0000,INEMA-BA,INEMA-BA,Fluviométrica,1,123638250 - AÇUDE JOANES II MONTANTE MONT.3,,False,False,False,S 12° 36' 20.88'',W 38° 25' 44.04'',15/12/2017 à 30/05/2024,,,0.0,224.0,,
"{'horEstacao': 123638250, 'horDataHora': '2021-03-11T10:00:00.000+0000'}",50903260,50903260,50903260,,AÇUDE JOANES II MONTANTE MONT.3,-12.6058,-38.4289,,2024-02-09T15:23:11.863+0000,5,"5 - Atlântico, Trecho Leste","50 - RIOS VAZA-BARRIS,ITAPICURU E .",RIO JOANES,BAHIA,SÃO SEBASTIÃO DO PASSÉ,50,50750000,16,16295000,114,114,2017-12-15T10:00:00.000+0000,2024-05-30T20:00:00.000+0000,INEMA-BA,INEMA-BA,Fluviométrica,1,123638250 - AÇUDE JOANES II MONTANTE MONT.3,,False,False,False,S 12° 36' 20.88'',W 38° 25' 44.04'',15/12/2017 à 30/05/2024,,,0.0,222.0,,
"{'horEstacao': 123638250, 'horDataHora': '2021-03-11T20:00:00.000+0000'}",50903260,50903260,50903260,,AÇUDE JOANES II MONTANTE MONT.3,-12.6058,-38.4289,,2024-02-09T15:23:11.863+0000,5,"5 - Atlântico, Trecho Leste","50 - RIOS VAZA-BARRIS,ITAPICURU E .",RIO JOANES,BAHIA,SÃO SEBASTIÃO DO PASSÉ,50,50750000,16,16295000,114,114,2017-12-15T10:00:00.000+0000,2024-05-30T20:00:00.000+0000,INEMA-BA,INEMA-BA,Fluviométrica,1,123638250 - AÇUDE JOANES II MONTANTE MONT.3,,False,False,False,S 12° 36' 20.88'',W 38° 25' 44.04'',15/12/2017 à 30/05/2024,,,0.0,222.0,,
"{'horEstacao': 123638250, 'horDataHora': '2021-03-12T10:00:00.000+0000'}",50903260,50903260,50903260,,AÇUDE JOANES II MONTANTE MONT.3,-12.6058,-38.4289,,2024-02-09T15:23:11.863+0000,5,"5 - Atlântico, Trecho Leste","50 - RIOS VAZA-BARRIS,ITAPICURU E .",RIO JOANES,BAHIA,SÃO SEBASTIÃO DO PASSÉ,50,50750000,16,16295000,114,114,2017-12-15T10:00:00.000+0000,2024-05-30T20:00:00.000+0000,INEMA-BA,INEMA-BA,Fluviométrica,1,123638250 - AÇUDE JOANES II MONTANTE MONT.3,,False,False,False,S 12° 36' 20.88'',W 38° 25' 44.04'',15/12/2017 à 30/05/2024,,,0.0,222.0,,
"{'horEstacao': 123638250, 'horDataHora': '2021-03-12T20:00:00.000+0000'}",50903260,50903260,50903260,,AÇUDE JOANES II MONTANTE MONT.3,-12.6058,-38.4289,,2024-02-09T15:23:11.863+0000,5,"5 - Atlântico, Trecho Leste","50 - RIOS VAZA-BARRIS,ITAPICURU E .",RIO JOANES,BAHIA,SÃO SEBASTIÃO DO PASSÉ,50,50750000,16,16295000,114,114,2017-12-15T10:00:00.000+0000,2024-05-30T20:00:00.000+0000,INEMA-BA,INEMA-BA,Fluviométrica,1,123638250 - AÇUDE JOANES II MONTANTE MONT.3,,False,False,False,S 12° 36' 20.88'',W 38° 25' 44.04'',15/12/2017 à 30/05/2024,,,0.0,222.0,,
"{'horEstacao': 123638250, 'horDataHora': '2021-03-13T10:00:00.000+0000'}",50903260,50903260,50903260,,AÇUDE JOANES II MONTANTE MONT.3,-12.6058,-38.4289,,2024-02-09T15:23:11.863+0000,5,"5 - Atlântico, Trecho Leste","50 - RIOS VAZA-BARRIS,ITAPICURU E .",RIO JOANES,BAHIA,SÃO SEBASTIÃO DO PASSÉ,50,50750000,16,16295000,114,114,2017-12-15T10:00:00.000+0000,2024-05-30T20:00:00.000+0000,INEMA-BA,INEMA-BA,Fluviométrica,1,123638250 - AÇUDE JOANES II MONTANTE MONT.3,,False,False,False,S 12° 36' 20.88'',W 38° 25' 44.04'',15/12/2017 à 30/05/2024,,,0.0,222.0,,
"{'horEstacao': 123638250, 'horDataHora': '2021-03-14T10:00:00.000+0000'}",50903260,50903260,50903260,,AÇUDE JOANES II MONTANTE MONT.3,-12.6058,-38.4289,,2024-02-09T15:23:11.863+0000,5,"5 - Atlântico, Trecho Leste","50 - RIOS VAZA-BARRIS,ITAPICURU E .",RIO JOANES,BAHIA,SÃO SEBASTIÃO DO PASSÉ,50,50750000,16,16295000,114,114,2017-12-15T10:00:00.000+0000,2024-05-30T20:00:00.000+0000,INEMA-BA,INEMA-BA,Fluviométrica,1,123638250 - AÇUDE JOANES II MONTANTE MONT.3,,False,False,False,S 12° 36' 20.88'',W 38° 25' 44.04'',15/12/2017 à 30/05/2024,,,0.0,220.0,,
"{'horEstacao': 123638250, 'horDataHora': '2021-03-14T20:00:00.000+0000'}",50903260,50903260,50903260,,AÇUDE JOANES II MONTANTE MONT.3,-12.6058,-38.4289,,2024-02-09T15:23:11.863+0000,5,"5 - Atlântico, Trecho Leste","50 - RIOS VAZA-BARRIS,ITAPICURU E .",RIO JOANES,BAHIA,SÃO SEBASTIÃO DO PASSÉ,50,50750000,16,16295000,114,114,2017-12-15T10:00:00.000+0000,2024-05-30T20:00:00.000+0000,INEMA-BA,INEMA-BA,Fluviométrica,1,123638250 - AÇUDE JOANES II MONTANTE MONT.3,,False,False,False,S 12° 36' 20.88'',W 38° 25' 44.04'',15/12/2017 à 30/05/2024,,,0.0,220.0,,
"{'horEstacao': 123638250, 'horDataHora': '2021-03-15T10:00:00.000+0000'}",50903260,50903260,50903260,,AÇUDE JOANES II MONTANTE MONT.3,-12.6058,-38.4289,,2024-02-09T15:23:11.863+0000,5,"5 - Atlântico, Trecho Leste","50 - RIOS VAZA-BARRIS,ITAPICURU E .",RIO JOANES,BAHIA,SÃO SEBASTIÃO DO PASSÉ,50,50750000,16,16295000,114,114,2017-12-15T10:00:00.000+0000,2024-05-30T20:00:00.000+0000,INEMA-BA,INEMA-BA,Fluviométrica,1,123638250 - AÇUDE JOANES II MONTANTE MONT.3,,False,False,False,S 12° 36' 20.88'',W 38° 25' 44.04'',15/12/2017 à 30/05/2024,,,0.0,220.0,,
"{'horEstacao': 123638250, 'horDataHora': '2021-03-15T20:00:00.000+0000'}",50903260,50903260,50903260,,AÇUDE JOANES II MONTANTE MONT.3,-12.6058,-38.4289,,2024-02-09T15:23:11.863+0000,5,"5 - Atlântico, Trecho Leste","50 - RIOS VAZA-BARRIS,ITAPICURU E .",RIO JOANES,BAHIA,SÃO SEBASTIÃO DO PASSÉ,50,50750000,16,16295000,114,114,2017-12-15T10:00:00.000+0000,2024-05-30T20:00:00.000+0000,INEMA-BA,INEMA-BA,Fluviométrica,1,123638250 - AÇUDE JOANES II MONTANTE MONT.3,,False,False,False,S 12° 36' 20.88'',W 38° 25' 44.04'',15/12/2017 à 30/05/2024,,,0.0,220.0,,
"{'horEstacao': 123638250, 'horDataHora': '2021-03-16T10:00:00.000+0000'}",50903260,50903260,50903260,,AÇUDE JOANES II MONTANTE MONT.3,-12.6058,-38.4289,,2024-02-09T15:23:11.863+0000,5,"5 - Atlântico, Trecho Leste","50 - RIOS VAZA-BARRIS,ITAPICURU E .",RIO JOANES,BAHIA,SÃO SEBASTIÃO DO PASSÉ,50,50750000,16,16295000,114,114,2017-12-15T10:00:00.000+0000,2024-05-30T20:00:00.000+0000,INEMA-BA,INEMA-BA,Fluviométrica,1,123638250 - AÇUDE JOANES II MONTANTE MONT.3,,False,False,False,S 12° 36' 20.88'',W 38° 25' 44.04'',15/12/2017 à 30/05/2024,,,0.0,220.0,,
"{'horEstacao': 123638250, 'horDataHora': '2021-03-16T20:00:00.000+0000'}",50903260,50903260,50903260,,AÇUDE JOANES II MONTANTE MONT.3,-12.6058,-38.4289,,2024-02-09T15:23:11.863+0000,5,"5 - Atlântico, Trecho Leste","50 - RIOS VAZA-BARRIS,ITAPICURU E .",RIO JOANES,BAHIA,SÃO SEBASTIÃO DO PASSÉ,50,50750000,16,16295000,114,114,2017-12-15T10:00:00.000+0000,2024-05-30T20:00:00.000+0000,INEMA-BA,INEMA-BA,Fluviométrica,1,123638250 - AÇUDE JOANES II MONTANTE MONT.3,,False,False,False,S 12° 36' 20.88'',W 38° 25' 44.04'',15/12/2017 à 30/05/2024,,,0.0,220.0,,
"{'horEstacao': 123638250, 'horDataHora': '2021-03-17T10:00:00.000+0000'}",50903260,50903260,50903260,,AÇUDE JOANES II MONTANTE MONT.3,-12.6058,-38.4289,,2024-02-09T15:23:11.863+0000,5,"5 - Atlântico, Trecho Leste","50 - RIOS VAZA-BARRIS,ITAPICURU E .",RIO JOANES,BAHIA,SÃO SEBASTIÃO DO PASSÉ,50,50750000,16,16295000,114,114,2017-12-15T10:00:00.000+0000,2024-05-30T20:00:00.000+0000,INEMA-BA,INEMA-BA,Fluviométrica,1,123638250 - AÇUDE JOANES II MONTANTE MONT.3,,False,False,False,S 12° 36' 20.88'',W 38° 25' 44.04'',15/12/2017 à 30/05/2024,,,0.0,220.0,,
"{'horEstacao': 123638250, 'horDataHora': '2021-03-17T20:00:00.000+0000'}",50903260,50903260,50903260,,AÇUDE JOANES II MONTANTE MONT.3,-12.6058,-38.4289,,2024-02-09T15:23:11.863+0000,5,"5 - Atlântico, Trecho Leste","50 - RIOS VAZA-BARRIS,ITAPICURU E .",RIO JOANES,BAHIA,SÃO SEBASTIÃO DO PASSÉ,50,50750000,16,16295000,114,114,2017-12-15T10:00:00.000+0000,2024-05-30T20:00:00.000+0000,INEMA-BA,INEMA-BA,Fluviométrica,1,123638250 - AÇUDE JOANES II MONTANTE MONT.3,,False,False,False,S 12° 36' 20.88'',W 38° 25' 44.04'',15/12/2017 à 30/05/2024,,,0.0,220.0,,
"{'horEstacao': 123638250, 'horDataHora': '2021-03-18T10:00:00.000+0000'}",50903260,50903260,50903260,,AÇUDE JOANES II MONTANTE MONT.3,-12.6058,-38.4289,,2024-02-09T15:23:11.863+0000,5,"5 - Atlântico, Trecho Leste","50 - RIOS VAZA-BARRIS,ITAPICURU E .",RIO JOANES,BAHIA,SÃO SEBASTIÃO DO PASSÉ,50,50750000,16,16295000,114,114,2017-12-15T10:00:00.000+0000,2024-05-30T20:00:00.000+0000,INEMA-BA,INEMA-BA,Fluviométrica,1,123638250 - AÇUDE JOANES II MONTANTE MONT.3,,False,False,False,S 12° 36' 20.88'',W 38° 25' 44.04'',15/12/2017 à 30/05/2024,,,0.0,220.0,,
"{'horEstacao': 123638250, 'horDataHora': '2021-03-18T20:00:00.000+0000'}",50903260,50903260,50903260,,AÇUDE JOANES II MONTANTE MONT.3,-12.6058,-38.4289,,2024-02-09T15:23:11.863+0000,5,"5 - Atlântico, Trecho Leste","50 - RIOS VAZA-BARRIS,ITAPICURU E .",RIO JOANES,BAHIA,SÃO SEBASTIÃO DO PASSÉ,50,50750000,16,16295000,114,114,2017-12-15T10:00:00.000+0000,2024-05-30T20:00:00.000+0000,INEMA-BA,INEMA-BA,Fluviométrica,1,123638250 - AÇUDE JOANES II MONTANTE MONT.3,,False,False,False,S 12° 36' 20.88'',W 38° 25' 44.04'',15/12/2017 à 30/05/2024,,,0.0,220.0,,
"{'horEstacao': 123638250, 'horDataHora': '2021-03-19T10:00:00.000+0000'}",50903260,50903260,50903260,,AÇUDE JOANES II MONTANTE MONT.3,-12.6058,-38.4289,,2024-02-09T15:23:11.863+0000,5,"5 - Atlântico, Trecho Leste","50 - RIOS VAZA-BARRIS,ITAPICURU E .",RIO JOANES,BAHIA,SÃO SEBASTIÃO DO PASSÉ,50,50750000,16,16295000,114,114,2017-12-15T10:00:00.000+0000,2024-05-30T20:00:00.000+0000,INEMA-BA,INEMA-BA,Fluviométrica,1,123638250 - AÇUDE JOANES II MONTANTE MONT.3,,False,False,False,S 12° 36' 20.88'',W 38° 25' 44.04'',15/12/2017 à 30/05/2024,,,0.0,220.0,,
"{'horEstacao': 123638250, 'horDataHora': '2021-03-19T20:00:00.000+0000'}",50903260,50903260,50903260,,AÇUDE JOANES II MONTANTE MONT.3,-12.6058,-38.4289,,2024-02-09T15:23:11.863+0000,5,"5 - Atlântico, Trecho Leste","50 - RIOS VAZA-BARRIS,ITAPICURU E .",RIO JOANES,BAHIA,SÃO SEBASTIÃO DO PASSÉ,50,50750000,16,16295000,114,114,2017-12-15T10:00:00.000+0000,2024-05-30T20:00:00.000+0000,INEMA-BA,INEMA-BA,Fluviométrica,1,123638250 - AÇUDE JOANES II MONTANTE MONT.3,,False,False,False,S 12° 36' 20.88'',W 38° 25' 44.04'',15/12/2017 à 30/05/2024,,,0.0,222.0,,
"{'horEstacao': 123638250, 'horDataHora': '2021-03-20T10:00:00.000+0000'}",50903260,50903260,50903260,,AÇUDE JOANES II MONTANTE MONT.3,-12.6058,-38.4289,,2024-02-09T15:23:11.863+0000,5,"5 - Atlântico, Trecho Leste","50 - RIOS VAZA-BARRIS,ITAPICURU E .",RIO JOANES,BAHIA,SÃO SEBASTIÃO DO PASSÉ,50,50750000,16,16295000,114,114,2017-12-15T10:00:00.000+0000,2024-05-30T20:00:00.000+0000,INEMA-BA,INEMA-BA,Fluviométrica,1,123638250 - AÇUDE JOANES II MONTANTE MONT.3,,False,False,False,S 12° 36' 20.88'',W 38° 25' 44.04'',15/12/2017 à 30/05/2024,,,0.0,224.0,,
"{'horEstacao': 123638250, 'horDataHora': '2021-03-20T20:00:00.000+0000'}",50903260,50903260,50903260,,AÇUDE JOANES II MONTANTE MONT.3,-12.6058,-38.4289,,2024-02-09T15:23:11.863+0000,5,"5 - Atlântico, Trecho Leste","50 - RIOS VAZA-BARRIS,ITAPICURU E .",RIO JOANES,BAHIA,SÃO SEBASTIÃO DO PASSÉ,50,50750000,16,16295000,114,114,2017-12-15T10:00:00.000+0000,2024-05-30T20:00:00.000+0000,INEMA-BA,INEMA-BA,Fluviométrica,1,123638250 - AÇUDE JOANES II MONTANTE MONT.3,,False,False,False,S 12° 36' 20.88'',W 38° 25' 44.04'',15/12/2017 à 30/05/2024,,,0.0,224.0,,
"{'horEstacao': 123638250, 'horDataHora': '2021-03-21T10:00:00.000+0000'}",50903260,50903260,50903260,,AÇUDE JOANES II MONTANTE MONT.3,-12.6058,-38.4289,,2024-02-09T15:23:11.863+0000,5,"5 - Atlântico, Trecho Leste","50 - RIOS VAZA-BARRIS,ITAPICURU E .",RIO JOANES,BAHIA,SÃO SEBASTIÃO DO PASSÉ,50,50750000,16,16295000,114,114,2017-12-15T10:00:00.000+0000,2024-05-30T20:00:00.000+0000,INEMA-BA,INEMA-BA,Fluviométrica,1,123638250 - AÇUDE JOANES II MONTANTE MONT.3,,False,False,False,S 12° 36' 20.88'',W 38° 25' 44.04'',15/12/2017 à 30/05/2024,,,0.0,226.0,,
"{'horEstacao': 123638250, 'horDataHora': '2021-03-23T10:00:00.000+0000'}",50903260,50903260,50903260,,AÇUDE JOANES II MONTANTE MONT.3,-12.6058,-38.4289,,2024-02-09T15:23:11.863+0000,5,"5 - Atlântico, Trecho Leste","50 - RIOS VAZA-BARRIS,ITAPICURU E .",RIO JOANES,BAHIA,SÃO SEBASTIÃO DO PASSÉ,50,50750000,16,16295000,114,114,2017-12-15T10:00:00.000+0000,2024-05-30T20:00:00.000+0000,INEMA-BA,INEMA-BA,Fluviométrica,1,123638250 - AÇUDE JOANES II MONTANTE MONT.3,,False,False,False,S 12° 36' 20.88'',W 38° 25' 44.04'',15/12/2017 à 30/05/2024,,,0.0,226.0,,
"{'horEstacao': 123638250, 'horDataHora': '2021-03-23T20:00:00.000+0000'}",50903260,50903260,50903260,,AÇUDE JOANES II MONTANTE MONT.3,-12.6058,-38.4289,,2024-02-09T15:23:11.863+0000,5,"5 - Atlântico, Trecho Leste","50 - RIOS VAZA-BARRIS,ITAPICURU E .",RIO JOANES,BAHIA,SÃO SEBASTIÃO DO PASSÉ,50,50750000,16,16295000,114,114,2017-12-15T10:00:00.000+0000,2024-05-30T20:00:00.000+0000,INEMA-BA,INEMA-BA,Fluviométrica,1,123638250 - AÇUDE JOANES II MONTANTE MONT.3,,False,False,False,S 12° 36' 20.88'',W 38° 25' 44.04'',15/12/2017 à 30/05/2024,,,0.0,226.0,,
"{'horEstacao': 123638250, 'horDataHora': '2021-03-24T10:00:00.000+0000'}",50903260,50903260,50903260,,AÇUDE JOANES II MONTANTE MONT.3,-12.6058,-38.4289,,2024-02-09T15:23:11.863+0000,5,"5 - Atlântico, Trecho Leste","50 - RIOS VAZA-BARRIS,ITAPICURU E .",RIO JOANES,BAHIA,SÃO SEBASTIÃO DO PASSÉ,50,50750000,16,16295000,114,114,2017-12-15T10:00:00.000+0000,2024-05-30T20:00:00.000+0000,INEMA-BA,INEMA-BA,Fluviométrica,1,123638250 - AÇUDE JOANES II MONTANTE MONT.3,,False,False,False,S 12° 36' 20.88'',W 38° 25' 44.04'',15/12/2017 à 30/05/2024,,,0.0,226.0,,
"{'horEstacao': 123638250, 'horDataHora': '2021-03-26T10:00:00.000+0000'}",50903260,50903260,50903260,,AÇUDE JOANES II MONTANTE MONT.3,-12.6058,-38.4289,,2024-02-09T15:23:11.863+0000,5,"5 - Atlântico, Trecho Leste","50 - RIOS VAZA-BARRIS,ITAPICURU E .",RIO JOANES,BAHIA,SÃO SEBASTIÃO DO PASSÉ,50,50750000,16,16295000,114,114,2017-12-15T10:00:00.000+0000,2024-05-30T20:00:00.000+0000,INEMA-BA,INEMA-BA,Fluviométrica,1,123638250 - AÇUDE JOANES II MONTANTE MONT.3,,False,False,False,S 12° 36' 20.88'',W 38° 25' 44.04'',15/12/2017 à 30/05/2024,,,0.0,224.0,,
"{'horEstacao': 123638250, 'horDataHora': '2021-03-26T20:00:00.000+0000'}",50903260,50903260,50903260,,AÇUDE JOANES II MONTANTE MONT.3,-12.6058,-38.4289,,2024-02-09T15:23:11.863+0000,5,"5 - Atlântico, Trecho Leste","50 - RIOS VAZA-BARRIS,ITAPICURU E .",RIO JOANES,BAHIA,SÃO SEBASTIÃO DO PASSÉ,50,50750000,16,16295000,114,114,2017-12-15T10:00:00.000+0000,2024-05-30T20:00:00.000+0000,INEMA-BA,INEMA-BA,Fluviométrica,1,123638250 - AÇUDE JOANES II MONTANTE MONT.3,,False,False,False,S 12° 36' 20.88'',W 38° 25' 44.04'',15/12/2017 à 30/05/2024,,,0.0,224.0,,
"{'horEstacao': 123638250, 'horDataHora': '2021-03-27T10:00:00.000+0000'}",50903260,50903260,50903260,,AÇUDE JOANES II MONTANTE MONT.3,-12.6058,-38.4289,,2024-02-09T15:23:11.863+0000,5,"5 - Atlântico, Trecho Leste","50 - RIOS VAZA-BARRIS,ITAPICURU E .",RIO JOANES,BAHIA,SÃO SEBASTIÃO DO PASSÉ,50,50750000,16,16295000,114,114,2017-12-15T10:00:00.000+0000,2024-05-30T20:00:00.000+0000,INEMA-BA,INEMA-BA,Fluviométrica,1,123638250 - AÇUDE JOANES II MONTANTE MONT.3,,False,False,False,S 12° 36' 20.88'',W 38° 25' 44.04'',15/12/2017 à 30/05/2024,,,0.0,222.0,,
"{'horEstacao': 123638250, 'horDataHora': '2021-03-27T20:00:00.000+0000'}",50903260,50903260,50903260,,AÇUDE JOANES II MONTANTE MONT.3,-12.6058,-38.4289,,2024-02-09T15:23:11.863+0000,5,"5 - Atlântico, Trecho Leste","50 - RIOS VAZA-BARRIS,ITAPICURU E .",RIO JOANES,BAHIA,SÃO SEBASTIÃO DO PASSÉ,50,50750000,16,16295000,114,114,2017-12-15T10:00:00.000+0000,2024-05-30T20:00:00.000+0000,INEMA-BA,INEMA-BA,Fluviométrica,1,123638250 - AÇUDE JOANES II MONTANTE MONT.3,,False,False,False,S 12° 36' 20.88'',W 38° 25' 44.04'',15/12/2017 à 30/05/2024,,,0.0,222.0,,
"{'horEstacao': 123638250, 'horDataHora': '2021-03-28T10:00:00.000+0000'}",50903260,50903260,50903260,,AÇUDE JOANES II MONTANTE MONT.3,-12.6058,-38.4289,,2024-02-09T15:23:11.863+0000,5,"5 - Atlântico, Trecho Leste","50 - RIOS VAZA-BARRIS,ITAPICURU E .",RIO JOANES,BAHIA,SÃO SEBASTIÃO DO PASSÉ,50,50750000,16,16295000,114,114,2017-12-15T10:00:00.000+0000,2024-05-30T20:00:00.000+0000,INEMA-BA,INEMA-BA,Fluviométrica,1,123638250 - AÇUDE JOANES II MONTANTE MONT.3,,False,False,False,S 12° 36' 20.88'',W 38° 25' 44.04'',15/12/2017 à 30/05/2024,,,0.0,222.0,,
"{'horEstacao': 123638250, 'horDataHora': '2021-03-28T20:00:00.000+0000'}",50903260,50903260,50903260,,AÇUDE JOANES II MONTANTE MONT.3,-12.6058,-38.4289,,2024-02-09T15:23:11.863+0000,5,"5 - Atlântico, Trecho Leste","50 - RIOS VAZA-BARRIS,ITAPICURU E .",RIO JOANES,BAHIA,SÃO SEBASTIÃO DO PASSÉ,50,50750000,16,16295000,114,114,2017-12-15T10:00:00.000+0000,2024-05-30T20:00:00.000+0000,INEMA-BA,INEMA-BA,Fluviométrica,1,123638250 - AÇUDE JOANES II MONTANTE MONT.3,,False,False,False,S 12° 36' 20.88'',W 38° 25' 44.04'',15/12/2017 à 30/05/2024,,,0.0,222.0,,
"{'horEstacao': 123638250, 'horDataHora': '2021-03-31T10:00:00.000+0000'}",50903260,50903260,50903260,,AÇUDE JOANES II MONTANTE MONT.3,-12.6058,-38.4289,,2024-02-09T15:23:11.863+0000,5,"5 - Atlântico, Trecho Leste","50 - RIOS VAZA-BARRIS,ITAPICURU E .",RIO JOANES,BAHIA,SÃO SEBASTIÃO DO PASSÉ,50,50750000,16,16295000,114,114,2017-12-15T10:00:00.000+0000,2024-05-30T20:00:00.000+0000,INEMA-BA,INEMA-BA,Fluviométrica,1,123638250 - AÇUDE JOANES II MONTANTE MONT.3,,False,False,False,S 12° 36' 20.88'',W 38° 25' 44.04'',15/12/2017 à 30/05/2024,,,0.0,220.0,,
"{'horEstacao': 123638250, 'horDataHora': '2021-03-31T20:00:00.000+0000'}",50903260,50903260,50903260,,AÇUDE JOANES II MONTANTE MONT.3,-12.6058,-38.4289,,2024-02-09T15:23:11.863+0000,5,"5 - Atlântico, Trecho Leste","50 - RIOS VAZA-BARRIS,ITAPICURU E .",RIO JOANES,BAHIA,SÃO SEBASTIÃO DO PASSÉ,50,50750000,16,16295000,114,114,2017-12-15T10:00:00.000+0000,2024-05-30T20:00:00.000+0000,INEMA-BA,INEMA-BA,Fluviométrica,1,123638250 - AÇUDE JOANES II MONTANTE MONT.3,,False,False,False,S 12° 36' 20.88'',W 38° 25' 44.04'',15/12/2017 à 30/05/2024,,,0.0,220.0,,
"{'horEstacao': 123638250, 'horDataHora': '2021-04-01T10:00:00.000+0000'}",50903260,50903260,50903260,,AÇUDE JOANES II MONTANTE MONT.3,-12.6058,-38.4289,,2024-02-09T15:23:11.863+0000,5,"5 - Atlântico, Trecho Leste","50 - RIOS VAZA-BARRIS,ITAPICURU E .",RIO JOANES,BAHIA,SÃO SEBASTIÃO DO PASSÉ,50,50750000,16,16295000,114,114,2017-12-15T10:00:00.000+0000,2024-05-30T20:00:00.000+0000,INEMA-BA,INEMA-BA,Fluviométrica,1,123638250 - AÇUDE JOANES II MONTANTE MONT.3,,False,False,False,S 12° 36' 20.88'',W 38° 25' 44.04'',15/12/2017 à 30/05/2024,,,0.0,220.0,,
"{'horEstacao': 123638250, 'horDataHora': '2021-04-01T20:00:00.000+0000'}",50903260,50903260,50903260,,AÇUDE JOANES II MONTANTE MONT.3,-12.6058,-38.4289,,2024-02-09T15:23:11.863+0000,5,"5 - Atlântico, Trecho Leste","50 - RIOS VAZA-BARRIS,ITAPICURU E .",RIO JOANES,BAHIA,SÃO SEBASTIÃO DO PASSÉ,50,50750000,16,16295000,114,114,2017-12-15T10:00:00.000+0000,2024-05-30T20:00:00.000+0000,INEMA-BA,INEMA-BA,Fluviométrica,1,123638250 - AÇUDE JOANES II MONTANTE MONT.3,,False,False,False,S 12° 36' 20.88'',W 38° 25' 44.04'',15/12/2017 à 30/05/2024,,,0.0,220.0,,
"{'horEstacao': 123638250, 'horDataHora': '2021-04-02T10:00:00.000+0000'}",50903260,50903260,50903260,,AÇUDE JOANES II MONTANTE MONT.3,-12.6058,-38.4289,,2024-02-09T15:23:11.863+0000,5,"5 - Atlântico, Trecho Leste","50 - RIOS VAZA-BARRIS,ITAPICURU E .",RIO JOANES,BAHIA,SÃO SEBASTIÃO DO PASSÉ,50,50750000,16,16295000,114,114,2017-12-15T10:00:00.000+0000,2024-05-30T20:00:00.000+0000,INEMA-BA,INEMA-BA,Fluviométrica,1,123638250 - AÇUDE JOANES II MONTANTE MONT.3,,False,False,False,S 12° 36' 20.88'',W 38° 25' 44.04'',15/12/2017 à 30/05/2024,,,0.0,220.0,,
"{'horEstacao': 123638250, 'horDataHora': '2021-04-02T20:00:00.000+0000'}",50903260,50903260,50903260,,AÇUDE JOANES II MONTANTE MONT.3,-12.6058,-38.4289,,2024-02-09T15:23:11.863+0000,5,"5 - Atlântico, Trecho Leste","50 - RIOS VAZA-BARRIS,ITAPICURU E .",RIO JOANES,BAHIA,SÃO SEBASTIÃO DO PASSÉ,50,50750000,16,16295000,114,114,2017-12-15T10:00:00.000+0000,2024-05-30T20:00:00.000+0000,INEMA-BA,INEMA-BA,Fluviométrica,1,123638250 - AÇUDE JOANES II MONTANTE MONT.3,,False,False,False,S 12° 36' 20.88'',W 38° 25' 44.04'',15/12/2017 à 30/05/2024,,,0.0,220.0,,
"{'horEstacao': 123638250, 'horDataHora': '2021-04-03T10:00:00.000+0000'}",50903260,50903260,50903260,,AÇUDE JOANES II MONTANTE MONT.3,-12.6058,-38.4289,,2024-02-09T15:23:11.863+0000,5,"5 - Atlântico, Trecho Leste","50 - RIOS VAZA-BARRIS,ITAPICURU E .",RIO JOANES,BAHIA,SÃO SEBASTIÃO DO PASSÉ,50,50750000,16,16295000,114,114,2017-12-15T10:00:00.000+0000,2024-05-30T20:00:00.000+0000,INEMA-BA,INEMA-BA,Fluviométrica,1,123638250 - AÇUDE JOANES II MONTANTE MONT.3,,False,False,False,S 12° 36' 20.88'',W 38° 25' 44.04'',15/12/2017 à 30/05/2024,,,0.0,220.0,,
"{'horEstacao': 123638250, 'horDataHora': '2021-04-03T20:00:00.000+0000'}",50903260,50903260,50903260,,AÇUDE JOANES II MONTANTE MONT.3,-12.6058,-38.4289,,2024-02-09T15:23:11.863+0000,5,"5 - Atlântico, Trecho Leste","50 - RIOS VAZA-BARRIS,ITAPICURU E .",RIO JOANES,BAHIA,SÃO SEBASTIÃO DO PASSÉ,50,50750000,16,16295000,114,114,2017-12-15T10:00:00.000+0000,2024-05-30T20:00:00.000+0000,INEMA-BA,INEMA-BA,Fluviométrica,1,123638250 - AÇUDE JOANES II MONTANTE MONT.3,,False,False,False,S 12° 36' 20.88'',W 38° 25' 44.04'',15/12/2017 à 30/05/2024,,,0.0,220.0,,
"{'horEstacao': 123638250, 'horDataHora': '2021-04-04T10:00:00.000+0000'}",50903260,50903260,50903260,,AÇUDE JOANES II MONTANTE MONT.3,-12.6058,-38.4289,,2024-02-09T15:23:11.863+0000,5,"5 - Atlântico, Trecho Leste","50 - RIOS VAZA-BARRIS,ITAPICURU E .",RIO JOANES,BAHIA,SÃO SEBASTIÃO DO PASSÉ,50,50750000,16,16295000,114,114,2017-12-15T10:00:00.000+0000,2024-05-30T20:00:00.000+0000,INEMA-BA,INEMA-BA,Fluviométrica,1,123638250 - AÇUDE JOANES II MONTANTE MONT.3,,False,False,False,S 12° 36' 20.88'',W 38° 25' 44.04'',15/12/2017 à 30/05/2024,,,0.0,218.0,,
"{'horEstacao': 123638250, 'horDataHora': '2021-04-04T20:00:00.000+0000'}",50903260,50903260,50903260,,AÇUDE JOANES II MONTANTE MONT.3,-12.6058,-38.4289,,2024-02-09T15:23:11.863+0000,5,"5 - Atlântico, Trecho Leste","50 - RIOS VAZA-BARRIS,ITAPICURU E .",RIO JOANES,BAHIA,SÃO SEBASTIÃO DO PASSÉ,50,50750000,16,16295000,114,114,2017-12-15T10:00:00.000+0000,2024-05-30T20:00:00.000+0000,INEMA-BA,INEMA-BA,Fluviométrica,1,123638250 - AÇUDE JOANES II MONTANTE MONT.3,,False,False,False,S 12° 36' 20.88'',W 38° 25' 44.04'',15/12/2017 à 30/05/2024,,,0.0,218.0,,
"{'horEstacao': 123638250, 'horDataHora': '2021-04-05T10:00:00.000+0000'}",50903260,50903260,50903260,,AÇUDE JOANES II MONTANTE MONT.3,-12.6058,-38.4289,,2024-02-09T15:23:11.863+0000,5,"5 - Atlântico, Trecho Leste","50 - RIOS VAZA-BARRIS,ITAPICURU E .",RIO JOANES,BAHIA,SÃO SEBASTIÃO DO PASSÉ,50,50750000,16,16295000,114,114,2017-12-15T10:00:00.000+0000,2024-05-30T20:00:00.000+0000,INEMA-BA,INEMA-BA,Fluviométrica,1,123638250 - AÇUDE JOANES II MONTANTE MONT.3,,False,False,False,S 12° 36' 20.88'',W 38° 25' 44.04'',15/12/2017 à 30/05/2024,,,0.0,220.0,,
"{'horEstacao': 123638250, 'horDataHora': '2021-04-06T10:00:00.000+0000'}",50903260,50903260,50903260,,AÇUDE JOANES II MONTANTE MONT.3,-12.6058,-38.4289,,2024-02-09T15:23:11.863+0000,5,"5 - Atlântico, Trecho Leste","50 - RIOS VAZA-BARRIS,ITAPICURU E .",RIO JOANES,BAHIA,SÃO SEBASTIÃO DO PASSÉ,50,50750000,16,16295000,114,114,2017-12-15T10:00:00.000+0000,2024-05-30T20:00:00.000+0000,INEMA-BA,INEMA-BA,Fluviométrica,1,123638250 - AÇUDE JOANES II MONTANTE MONT.3,,False,False,False,S 12° 36' 20.88'',W 38° 25' 44.04'',15/12/2017 à 30/05/2024,,,0.0,220.0,,
"{'horEstacao': 123638250, 'horDataHora': '2021-04-06T20:00:00.000+0000'}",50903260,50903260,50903260,,AÇUDE JOANES II MONTANTE MONT.3,-12.6058,-38.4289,,2024-02-09T15:23:11.863+0000,5,"5 - Atlântico, Trecho Leste","50 - RIOS VAZA-BARRIS,ITAPICURU E .",RIO JOANES,BAHIA,SÃO SEBASTIÃO DO PASSÉ,50,50750000,16,16295000,114,114,2017-12-15T10:00:00.000+0000,2024-05-30T20:00:00.000+0000,INEMA-BA,INEMA-BA,Fluviométrica,1,123638250 - AÇUDE JOANES II MONTANTE MONT.3,,False,False,False,S 12° 36' 20.88'',W 38° 25' 44.04'',15/12/2017 à 30/05/2024,,,0.0,220.0,,
"{'horEstacao': 123638250, 'horDataHora': '2021-04-07T10:00:00.000+0000'}",50903260,50903260,50903260,,AÇUDE JOANES II MONTANTE MONT.3,-12.6058,-38.4289,,2024-02-09T15:23:11.863+0000,5,"5 - Atlântico, Trecho Leste","50 - RIOS VAZA-BARRIS,ITAPICURU E .",RIO JOANES,BAHIA,SÃO SEBASTIÃO DO PASSÉ,50,50750000,16,16295000,114,114,2017-12-15T10:00:00.000+0000,2024-05-30T20:00:00.000+0000,INEMA-BA,INEMA-BA,Fluviométrica,1,123638250 - AÇUDE JOANES II MONTANTE MONT.3,,False,False,False,S 12° 36' 20.88'',W 38° 25' 44.04'',15/12/2017 à 30/05/2024,,,0.0,220.0,,
"{'horEstacao': 123638250, 'horDataHora': '2021-04-07T20:00:00.000+0000'}",50903260,50903260,50903260,,AÇUDE JOANES II MONTANTE MONT.3,-12.6058,-38.4289,,2024-02-09T15:23:11.863+0000,5,"5 - Atlântico, Trecho Leste","50 - RIOS VAZA-BARRIS,ITAPICURU E .",RIO JOANES,BAHIA,SÃO SEBASTIÃO DO PASSÉ,50,50750000,16,16295000,114,114,2017-12-15T10:00:00.000+0000,2024-05-30T20:00:00.000+0000,INEMA-BA,INEMA-BA,Fluviométrica,1,123638250 - AÇUDE JOANES II MONTANTE MONT.3,,False,False,False,S 12° 36' 20.88'',W 38° 25' 44.04'',15/12/2017 à 30/05/2024,,,0.0,220.0,,
"{'horEstacao': 123638250, 'horDataHora': '2021-04-08T10:00:00.000+0000'}",50903260,50903260,50903260,,AÇUDE JOANES II MONTANTE MONT.3,-12.6058,-38.4289,,2024-02-09T15:23:11.863+0000,5,"5 - Atlântico, Trecho Leste","50 - RIOS VAZA-BARRIS,ITAPICURU E .",RIO JOANES,BAHIA,SÃO SEBASTIÃO DO PASSÉ,50,50750000,16,16295000,114,114,2017-12-15T10:00:00.000+0000,2024-05-30T20:00:00.000+0000,INEMA-BA,INEMA-BA,Fluviométrica,1,123638250 - AÇUDE JOANES II MONTANTE MONT.3,,False,False,False,S 12° 36' 20.88'',W 38° 25' 44.04'',15/12/2017 à 30/05/2024,,,0.0,220.0,,
"{'horEstacao': 123638250, 'horDataHora': '2021-04-08T20:00:00.000+0000'}",50903260,50903260,50903260,,AÇUDE JOANES II MONTANTE MONT.3,-12.6058,-38.4289,,2024-02-09T15:23:11.863+0000,5,"5 - Atlântico, Trecho Leste","50 - RIOS VAZA-BARRIS,ITAPICURU E .",RIO JOANES,BAHIA,SÃO SEBASTIÃO DO PASSÉ,50,50750000,16,16295000,114,114,2017-12-15T10:00:00.000+0000,2024-05-30T20:00:00.000+0000,INEMA-BA,INEMA-BA,Fluviométrica,1,123638250 - AÇUDE JOANES II MONTANTE MONT.3,,False,False,False,S 12° 36' 20.88'',W 38° 25' 44.04'',15/12/2017 à 30/05/2024,,,0.0,220.0,,
"{'horEstacao': 123638250, 'horDataHora': '2021-04-09T10:00:00.000+0000'}",50903260,50903260,50903260,,AÇUDE JOANES II MONTANTE MONT.3,-12.6058,-38.4289,,2024-02-09T15:23:11.863+0000,5,"5 - Atlântico, Trecho Leste","50 - RIOS VAZA-BARRIS,ITAPICURU E .",RIO JOANES,BAHIA,SÃO SEBASTIÃO DO PASSÉ,50,50750000,16,16295000,114,114,2017-12-15T10:00:00.000+0000,2024-05-30T20:00:00.000+0000,INEMA-BA,INEMA-BA,Fluviométrica,1,123638250 - AÇUDE JOANES II MONTANTE MONT.3,,False,False,False,S 12° 36' 20.88'',W 38° 25' 44.04'',15/12/2017 à 30/05/2024,,,0.0,222.0,,
"{'horEstacao': 123638250, 'horDataHora': '2021-04-09T20:00:00.000+0000'}",50903260,50903260,50903260,,AÇUDE JOANES II MONTANTE MONT.3,-12.6058,-38.4289,,2024-02-09T15:23:11.863+0000,5,"5 - Atlântico, Trecho Leste","50 - RIOS VAZA-BARRIS,ITAPICURU E .",RIO JOANES,BAHIA,SÃO SEBASTIÃO DO PASSÉ,50,50750000,16,16295000,114,114,2017-12-15T10:00:00.000+0000,2024-05-30T20:00:00.000+0000,INEMA-BA,INEMA-BA,Fluviométrica,1,123638250 - AÇUDE JOANES II MONTANTE MONT.3,,False,False,False,S 12° 36' 20.88'',W 38° 25' 44.04'',15/12/2017 à 30/05/2024,,,0.0,220.0,,
"{'horEstacao': 123638250, 'horDataHora': '2021-04-10T10:00:00.000+0000'}",50903260,50903260,50903260,,AÇUDE JOANES II MONTANTE MONT.3,-12.6058,-38.4289,,2024-02-09T15:23:11.863+0000,5,"5 - Atlântico, Trecho Leste","50 - RIOS VAZA-BARRIS,ITAPICURU E .",RIO JOANES,BAHIA,SÃO SEBASTIÃO DO PASSÉ,50,50750000,16,16295000,114,114,2017-12-15T10:00:00.000+0000,2024-05-30T20:00:00.000+0000,INEMA-BA,INEMA-BA,Fluviométrica,1,123638250 - AÇUDE JOANES II MONTANTE MONT.3,,False,False,False,S 12° 36' 20.88'',W 38° 25' 44.04'',15/12/2017 à 30/05/2024,,,0.0,232.0,,
"{'horEstacao': 123638250, 'horDataHora': '2021-04-10T20:00:00.000+0000'}",50903260,50903260,50903260,,AÇUDE JOANES II MONTANTE MONT.3,-12.6058,-38.4289,,2024-02-09T15:23:11.863+0000,5,"5 - Atlântico, Trecho Leste","50 - RIOS VAZA-BARRIS,ITAPICURU E .",RIO JOANES,BAHIA,SÃO SEBASTIÃO DO PASSÉ,50,50750000,16,16295000,114,114,2017-12-15T10:00:00.000+0000,2024-05-30T20:00:00.000+0000,INEMA-BA,INEMA-BA,Fluviométrica,1,123638250 - AÇUDE JOANES II MONTANTE MONT.3,,False,False,False,S 12° 36' 20.88'',W 38° 25' 44.04'',15/12/2017 à 30/05/2024,,,0.0,248.0,,
"{'horEstacao': 123638250, 'horDataHora': '2021-04-11T10:00:00.000+0000'}",50903260,50903260,50903260,,AÇUDE JOANES II MONTANTE MONT.3,-12.6058,-38.4289,,2024-02-09T15:23:11.863+0000,5,"5 - Atlântico, Trecho Leste","50 - RIOS VAZA-BARRIS,ITAPICURU E .",RIO JOANES,BAHIA,SÃO SEBASTIÃO DO PASSÉ,50,50750000,16,16295000,114,114,2017-12-15T10:00:00.000+0000,2024-05-30T20:00:00.000+0000,INEMA-BA,INEMA-BA,Fluviométrica,1,123638250 - AÇUDE JOANES II MONTANTE MONT.3,,False,False,False,S 12° 36' 20.88'',W 38° 25' 44.04'',15/12/2017 à 30/05/2024,,,0.0,256.0,,
"{'horEstacao': 123638250, 'horDataHora': '2021-04-11T20:00:00.000+0000'}",50903260,50903260,50903260,,AÇUDE JOANES II MONTANTE MONT.3,-12.6058,-38.4289,,2024-02-09T15:23:11.863+0000,5,"5 - Atlântico, Trecho Leste","50 - RIOS VAZA-BARRIS,ITAPICURU E .",RIO JOANES,BAHIA,SÃO SEBASTIÃO DO PASSÉ,50,50750000,16,16295000,114,114,2017-12-15T10:00:00.000+0000,2024-05-30T20:00:00.000+0000,INEMA-BA,INEMA-BA,Fluviométrica,1,123638250 - AÇUDE JOANES II MONTANTE MONT.3,,False,False,False,S 12° 36' 20.88'',W 38° 25' 44.04'',15/12/2017 à 30/05/2024,,,0.0,256.0,,
"{'horEstacao': 123638250, 'horDataHora': '2021-04-12T10:00:00.000+0000'}",50903260,50903260,50903260,,AÇUDE JOANES II MONTANTE MONT.3,-12.6058,-38.4289,,2024-02-09T15:23:11.863+0000,5,"5 - Atlântico, Trecho Leste","50 - RIOS VAZA-BARRIS,ITAPICURU E .",RIO JOANES,BAHIA,SÃO SEBASTIÃO DO PASSÉ,50,50750000,16,16295000,114,114,2017-12-15T10:00:00.000+0000,2024-05-30T20:00:00.000+0000,INEMA-BA,INEMA-BA,Fluviométrica,1,123638250 - AÇUDE JOANES II MONTANTE MONT.3,,False,False,False,S 12° 36' 20.88'',W 38° 25' 44.04'',15/12/2017 à 30/05/2024,,,0.0,256.0,,
"{'horEstacao': 123638250, 'horDataHora': '2021-04-12T20:00:00.000+0000'}",50903260,50903260,50903260,,AÇUDE JOANES II MONTANTE MONT.3,-12.6058,-38.4289,,2024-02-09T15:23:11.863+0000,5,"5 - Atlântico, Trecho Leste","50 - RIOS VAZA-BARRIS,ITAPICURU E .",RIO JOANES,BAHIA,SÃO SEBASTIÃO DO PASSÉ,50,50750000,16,16295000,114,114,2017-12-15T10:00:00.000+0000,2024-05-30T20:00:00.000+0000,INEMA-BA,INEMA-BA,Fluviométrica,1,123638250 - AÇUDE JOANES II MONTANTE MONT.3,,False,False,False,S 12° 36' 20.88'',W 38° 25' 44.04'',15/12/2017 à 30/05/2024,,,0.0,252.0,,
"{'horEstacao': 123638250, 'horDataHora': '2021-04-13T10:00:00.000+0000'}",50903260,50903260,50903260,,AÇUDE JOANES II MONTANTE MONT.3,-12.6058,-38.4289,,2024-02-09T15:23:11.863+0000,5,"5 - Atlântico, Trecho Leste","50 - RIOS VAZA-BARRIS,ITAPICURU E .",RIO JOANES,BAHIA,SÃO SEBASTIÃO DO PASSÉ,50,50750000,16,16295000,114,114,2017-12-15T10:00:00.000+0000,2024-05-30T20:00:00.000+0000,INEMA-BA,INEMA-BA,Fluviométrica,1,123638250 - AÇUDE JOANES II MONTANTE MONT.3,,False,False,False,S 12° 36' 20.88'',W 38° 25' 44.04'',15/12/2017 à 30/05/2024,,,0.0,248.0,,
"{'horEstacao': 123638250, 'horDataHora': '2021-04-14T10:00:00.000+0000'}",50903260,50903260,50903260,,AÇUDE JOANES II MONTANTE MONT.3,-12.6058,-38.4289,,2024-02-09T15:23:11.863+0000,5,"5 - Atlântico, Trecho Leste","50 - RIOS VAZA-BARRIS,ITAPICURU E .",RIO JOANES,BAHIA,SÃO SEBASTIÃO DO PASSÉ,50,50750000,16,16295000,114,114,2017-12-15T10:00:00.000+0000,2024-05-30T20:00:00.000+0000,INEMA-BA,INEMA-BA,Fluviométrica,1,123638250 - AÇUDE JOANES II MONTANTE MONT.3,,False,False,False,S 12° 36' 20.88'',W 38° 25' 44.04'',15/12/2017 à 30/05/2024,,,0.0,240.0,,
"{'horEstacao': 123638250, 'horDataHora': '2021-04-14T20:00:00.000+0000'}",50903260,50903260,50903260,,AÇUDE JOANES II MONTANTE MONT.3,-12.6058,-38.4289,,2024-02-09T15:23:11.863+0000,5,"5 - Atlântico, Trecho Leste","50 - RIOS VAZA-BARRIS,ITAPICURU E .",RIO JOANES,BAHIA,SÃO SEBASTIÃO DO PASSÉ,50,50750000,16,16295000,114,114,2017-12-15T10:00:00.000+0000,2024-05-30T20:00:00.000+0000,INEMA-BA,INEMA-BA,Fluviométrica,1,123638250 - AÇUDE JOANES II MONTANTE MONT.3,,False,False,False,S 12° 36' 20.88'',W 38° 25' 44.04'',15/12/2017 à 30/05/2024,,,0.0,240.0,,
"{'horEstacao': 123638250, 'horDataHora': '2021-04-15T10:00:00.000+0000'}",50903260,50903260,50903260,,AÇUDE JOANES II MONTANTE MONT.3,-12.6058,-38.4289,,2024-02-09T15:23:11.863+0000,5,"5 - Atlântico, Trecho Leste","50 - RIOS VAZA-BARRIS,ITAPICURU E .",RIO JOANES,BAHIA,SÃO SEBASTIÃO DO PASSÉ,50,50750000,16,16295000,114,114,2017-12-15T10:00:00.000+0000,2024-05-30T20:00:00.000+0000,INEMA-BA,INEMA-BA,Fluviométrica,1,123638250 - AÇUDE JOANES II MONTANTE MONT.3,,False,False,False,S 12° 36' 20.88'',W 38° 25' 44.04'',15/12/2017 à 30/05/2024,,,0.0,238.0,,
"{'horEstacao': 123638250, 'horDataHora': '2021-04-15T20:00:00.000+0000'}",50903260,50903260,50903260,,AÇUDE JOANES II MONTANTE MONT.3,-12.6058,-38.4289,,2024-02-09T15:23:11.863+0000,5,"5 - Atlântico, Trecho Leste","50 - RIOS VAZA-BARRIS,ITAPICURU E .",RIO JOANES,BAHIA,SÃO SEBASTIÃO DO PASSÉ,50,50750000,16,16295000,114,114,2017-12-15T10:00:00.000+0000,2024-05-30T20:00:00.000+0000,INEMA-BA,INEMA-BA,Fluviométrica,1,123638250 - AÇUDE JOANES II MONTANTE MONT.3,,False,False,False,S 12° 36' 20.88'',W 38° 25' 44.04'',15/12/2017 à 30/05/2024,,,0.0,238.0,,
"{'horEstacao': 123638250, 'horDataHora': '2021-04-16T10:00:00.000+0000'}",50903260,50903260,50903260,,AÇUDE JOANES II MONTANTE MONT.3,-12.6058,-38.4289,,2024-02-09T15:23:11.863+0000,5,"5 - Atlântico, Trecho Leste","50 - RIOS VAZA-BARRIS,ITAPICURU E .",RIO JOANES,BAHIA,SÃO SEBASTIÃO DO PASSÉ,50,50750000,16,16295000,114,114,2017-12-15T10:00:00.000+0000,2024-05-30T20:00:00.000+0000,INEMA-BA,INEMA-BA,Fluviométrica,1,123638250 - AÇUDE JOANES II MONTANTE MONT.3,,False,False,False,S 12° 36' 20.88'',W 38° 25' 44.04'',15/12/2017 à 30/05/2024,,,0.0,238.0,,
"{'horEstacao': 123638250, 'horDataHora': '2021-04-16T20:00:00.000+0000'}",50903260,50903260,50903260,,AÇUDE JOANES II MONTANTE MONT.3,-12.6058,-38.4289,,2024-02-09T15:23:11.863+0000,5,"5 - Atlântico, Trecho Leste","50 - RIOS VAZA-BARRIS,ITAPICURU E .",RIO JOANES,BAHIA,SÃO SEBASTIÃO DO PASSÉ,50,50750000,16,16295000,114,114,2017-12-15T10:00:00.000+0000,2024-05-30T20:00:00.000+0000,INEMA-BA,INEMA-BA,Fluviométrica,1,123638250 - AÇUDE JOANES II MONTANTE MONT.3,,False,False,False,S 12° 36' 20.88'',W 38° 25' 44.04'',15/12/2017 à 30/05/2024,,,0.0,238.0,,
"{'horEstacao': 123638250, 'horDataHora': '2021-04-17T10:00:00.000+0000'}",50903260,50903260,50903260,,AÇUDE JOANES II MONTANTE MONT.3,-12.6058,-38.4289,,2024-02-09T15:23:11.863+0000,5,"5 - Atlântico, Trecho Leste","50 - RIOS VAZA-BARRIS,ITAPICURU E .",RIO JOANES,BAHIA,SÃO SEBASTIÃO DO PASSÉ,50,50750000,16,16295000,114,114,2017-12-15T10:00:00.000+0000,2024-05-30T20:00:00.000+0000,INEMA-BA,INEMA-BA,Fluviométrica,1,123638250 - AÇUDE JOANES II MONTANTE MONT.3,,False,False,False,S 12° 36' 20.88'',W 38° 25' 44.04'',15/12/2017 à 30/05/2024,,,0.0,238.0,,
"{'horEstacao': 123638250, 'horDataHora': '2021-04-17T20:00:00.000+0000'}",50903260,50903260,50903260,,AÇUDE JOANES II MONTANTE MONT.3,-12.6058,-38.4289,,2024-02-09T15:23:11.863+0000,5,"5 - Atlântico, Trecho Leste","50 - RIOS VAZA-BARRIS,ITAPICURU E .",RIO JOANES,BAHIA,SÃO SEBASTIÃO DO PASSÉ,50,50750000,16,16295000,114,114,2017-12-15T10:00:00.000+0000,2024-05-30T20:00:00.000+0000,INEMA-BA,INEMA-BA,Fluviométrica,1,123638250 - AÇUDE JOANES II MONTANTE MONT.3,,False,False,False,S 12° 36' 20.88'',W 38° 25' 44.04'',15/12/2017 à 30/05/2024,,,0.0,238.0,,
"{'horEstacao': 123638250, 'horDataHora': '2021-04-18T10:00:00.000+0000'}",50903260,50903260,50903260,,AÇUDE JOANES II MONTANTE MONT.3,-12.6058,-38.4289,,2024-02-09T15:23:11.863+0000,5,"5 - Atlântico, Trecho Leste","50 - RIOS VAZA-BARRIS,ITAPICURU E .",RIO JOANES,BAHIA,SÃO SEBASTIÃO DO PASSÉ,50,50750000,16,16295000,114,114,2017-12-15T10:00:00.000+0000,2024-05-30T20:00:00.000+0000,INEMA-BA,INEMA-BA,Fluviométrica,1,123638250 - AÇUDE JOANES II MONTANTE MONT.3,,False,False,False,S 12° 36' 20.88'',W 38° 25' 44.04'',15/12/2017 à 30/05/2024,,,0.0,238.0,,
"{'horEstacao': 123638250, 'horDataHora': '2021-04-18T20:00:00.000+0000'}",50903260,50903260,50903260,,AÇUDE JOANES II MONTANTE MONT.3,-12.6058,-38.4289,,2024-02-09T15:23:11.863+0000,5,"5 - Atlântico, Trecho Leste","50 - RIOS VAZA-BARRIS,ITAPICURU E .",RIO JOANES,BAHIA,SÃO SEBASTIÃO DO PASSÉ,50,50750000,16,16295000,114,114,2017-12-15T10:00:00.000+0000,2024-05-30T20:00:00.000+0000,INEMA-BA,INEMA-BA,Fluviométrica,1,123638250 - AÇUDE JOANES II MONTANTE MONT.3,,False,False,False,S 12° 36' 20.88'',W 38° 25' 44.04'',15/12/2017 à 30/05/2024,,,0.0,238.0,,
"{'horEstacao': 123638250, 'horDataHora': '2021-04-19T10:00:00.000+0000'}",50903260,50903260,50903260,,AÇUDE JOANES II MONTANTE MONT.3,-12.6058,-38.4289,,2024-02-09T15:23:11.863+0000,5,"5 - Atlântico, Trecho Leste","50 - RIOS VAZA-BARRIS,ITAPICURU E .",RIO JOANES,BAHIA,SÃO SEBASTIÃO DO PASSÉ,50,50750000,16,16295000,114,114,2017-12-15T10:00:00.000+0000,2024-05-30T20:00:00.000+0000,INEMA-BA,INEMA-BA,Fluviométrica,1,123638250 - AÇUDE JOANES II MONTANTE MONT.3,,False,False,False,S 12° 36' 20.88'',W 38° 25' 44.04'',15/12/2017 à 30/05/2024,,,0.0,238.0,,
"{'horEstacao': 123638250, 'horDataHora': '2021-04-19T20:00:00.000+0000'}",50903260,50903260,50903260,,AÇUDE JOANES II MONTANTE MONT.3,-12.6058,-38.4289,,2024-02-09T15:23:11.863+0000,5,"5 - Atlântico, Trecho Leste","50 - RIOS VAZA-BARRIS,ITAPICURU E .",RIO JOANES,BAHIA,SÃO SEBASTIÃO DO PASSÉ,50,50750000,16,16295000,114,114,2017-12-15T10:00:00.000+0000,2024-05-30T20:00:00.000+0000,INEMA-BA,INEMA-BA,Fluviométrica,1,123638250 - AÇUDE JOANES II MONTANTE MONT.3,,False,False,False,S 12° 36' 20.88'',W 38° 25' 44.04'',15/12/2017 à 30/05/2024,,,0.0,238.0,,
"{'horEstacao': 123638250, 'horDataHora': '2021-04-20T10:00:00.000+0000'}",50903260,50903260,50903260,,AÇUDE JOANES II MONTANTE MONT.3,-12.6058,-38.4289,,2024-02-09T15:23:11.863+0000,5,"5 - Atlântico, Trecho Leste","50 - RIOS VAZA-BARRIS,ITAPICURU E .",RIO JOANES,BAHIA,SÃO SEBASTIÃO DO PASSÉ,50,50750000,16,16295000,114,114,2017-12-15T10:00:00.000+0000,2024-05-30T20:00:00.000+0000,INEMA-BA,INEMA-BA,Fluviométrica,1,123638250 - AÇUDE JOANES II MONTANTE MONT.3,,False,False,False,S 12° 36' 20.88'',W 38° 25' 44.04'',15/12/2017 à 30/05/2024,,,0.0,238.0,,
"{'horEstacao': 123638250, 'horDataHora': '2021-04-20T20:00:00.000+0000'}",50903260,50903260,50903260,,AÇUDE JOANES II MONTANTE MONT.3,-12.6058,-38.4289,,2024-02-09T15:23:11.863+0000,5,"5 - Atlântico, Trecho Leste","50 - RIOS VAZA-BARRIS,ITAPICURU E .",RIO JOANES,BAHIA,SÃO SEBASTIÃO DO PASSÉ,50,50750000,16,16295000,114,114,2017-12-15T10:00:00.000+0000,2024-05-30T20:00:00.000+0000,INEMA-BA,INEMA-BA,Fluviométrica,1,123638250 - AÇUDE JOANES II MONTANTE MONT.3,,False,False,False,S 12° 36' 20.88'',W 38° 25' 44.04'',15/12/2017 à 30/05/2024,,,0.0,239.0,,
"{'horEstacao': 123638250, 'horDataHora': '2021-04-21T10:00:00.000+0000'}",50903260,50903260,50903260,,AÇUDE JOANES II MONTANTE MONT.3,-12.6058,-38.4289,,2024-02-09T15:23:11.863+0000,5,"5 - Atlântico, Trecho Leste","50 - RIOS VAZA-BARRIS,ITAPICURU E .",RIO JOANES,BAHIA,SÃO SEBASTIÃO DO PASSÉ,50,50750000,16,16295000,114,114,2017-12-15T10:00:00.000+0000,2024-05-30T20:00:00.000+0000,INEMA-BA,INEMA-BA,Fluviométrica,1,123638250 - AÇUDE JOANES II MONTANTE MONT.3,,False,False,False,S 12° 36' 20.88'',W 38° 25' 44.04'',15/12/2017 à 30/05/2024,,,0.0,274.0,,
"{'horEstacao': 123638250, 'horDataHora': '2021-04-21T20:00:00.000+0000'}",50903260,50903260,50903260,,AÇUDE JOANES II MONTANTE MONT.3,-12.6058,-38.4289,,2024-02-09T15:23:11.863+0000,5,"5 - Atlântico, Trecho Leste","50 - RIOS VAZA-BARRIS,ITAPICURU E .",RIO JOANES,BAHIA,SÃO SEBASTIÃO DO PASSÉ,50,50750000,16,16295000,114,114,2017-12-15T10:00:00.000+0000,2024-05-30T20:00:00.000+0000,INEMA-BA,INEMA-BA,Fluviométrica,1,123638250 - AÇUDE JOANES II MONTANTE MONT.3,,False,False,False,S 12° 36' 20.88'',W 38° 25' 44.04'',15/12/2017 à 30/05/2024,,,0.0,288.0,,
"{'horEstacao': 123638250, 'horDataHora': '2021-04-22T10:00:00.000+0000'}",50903260,50903260,50903260,,AÇUDE JOANES II MONTANTE MONT.3,-12.6058,-38.4289,,2024-02-09T15:23:11.863+0000,5,"5 - Atlântico, Trecho Leste","50 - RIOS VAZA-BARRIS,ITAPICURU E .",RIO JOANES,BAHIA,SÃO SEBASTIÃO DO PASSÉ,50,50750000,16,16295000,114,114,2017-12-15T10:00:00.000+0000,2024-05-30T20:00:00.000+0000,INEMA-BA,INEMA-BA,Fluviométrica,1,123638250 - AÇUDE JOANES II MONTANTE MONT.3,,False,False,False,S 12° 36' 20.88'',W 38° 25' 44.04'',15/12/2017 à 30/05/2024,,,0.0,284.0,,
"{'horEstacao': 123638250, 'horDataHora': '2021-04-22T20:00:00.000+0000'}",50903260,50903260,50903260,,AÇUDE JOANES II MONTANTE MONT.3,-12.6058,-38.4289,,2024-02-09T15:23:11.863+0000,5,"5 - Atlântico, Trecho Leste","50 - RIOS VAZA-BARRIS,ITAPICURU E .",RIO JOANES,BAHIA,SÃO SEBASTIÃO DO PASSÉ,50,50750000,16,16295000,114,114,2017-12-15T10:00:00.000+0000,2024-05-30T20:00:00.000+0000,INEMA-BA,INEMA-BA,Fluviométrica,1,123638250 - AÇUDE JOANES II MONTANTE MONT.3,,False,False,False,S 12° 36' 20.88'',W 38° 25' 44.04'',15/12/2017 à 30/05/2024,,,0.0,272.0,,
"{'horEstacao': 123638250, 'horDataHora': '2021-04-23T10:00:00.000+0000'}",50903260,50903260,50903260,,AÇUDE JOANES II MONTANTE MONT.3,-12.6058,-38.4289,,2024-02-09T15:23:11.863+0000,5,"5 - Atlântico, Trecho Leste","50 - RIOS VAZA-BARRIS,ITAPICURU E .",RIO JOANES,BAHIA,SÃO SEBASTIÃO DO PASSÉ,50,50750000,16,16295000,114,114,2017-12-15T10:00:00.000+0000,2024-05-30T20:00:00.000+0000,INEMA-BA,INEMA-BA,Fluviométrica,1,123638250 - AÇUDE JOANES II MONTANTE MONT.3,,False,False,False,S 12° 36' 20.88'',W 38° 25' 44.04'',15/12/2017 à 30/05/2024,,,0.0,290.0,,
"{'horEstacao': 123638250, 'horDataHora': '2021-04-23T20:00:00.000+0000'}",50903260,50903260,50903260,,AÇUDE JOANES II MONTANTE MONT.3,-12.6058,-38.4289,,2024-02-09T15:23:11.863+0000,5,"5 - Atlântico, Trecho Leste","50 - RIOS VAZA-BARRIS,ITAPICURU E .",RIO JOANES,BAHIA,SÃO SEBASTIÃO DO PASSÉ,50,50750000,16,16295000,114,114,2017-12-15T10:00:00.000+0000,2024-05-30T20:00:00.000+0000,INEMA-BA,INEMA-BA,Fluviométrica,1,123638250 - AÇUDE JOANES II MONTANTE MONT.3,,False,False,False,S 12° 36' 20.88'',W 38° 25' 44.04'',15/12/2017 à 30/05/2024,,,0.0,298.0,,
"{'horEstacao': 123638250, 'horDataHora': '2021-05-01T10:00:00.000+0000'}",50903260,50903260,50903260,,AÇUDE JOANES II MONTANTE MONT.3,-12.6058,-38.4289,,2024-02-09T15:23:11.863+0000,5,"5 - Atlântico, Trecho Leste","50 - RIOS VAZA-BARRIS,ITAPICURU E .",RIO JOANES,BAHIA,SÃO SEBASTIÃO DO PASSÉ,50,50750000,16,16295000,114,114,2017-12-15T10:00:00.000+0000,2024-05-30T20:00:00.000+0000,INEMA-BA,INEMA-BA,Fluviométrica,1,123638250 - AÇUDE JOANES II MONTANTE MONT.3,,False,False,False,S 12° 36' 20.88'',W 38° 25' 44.04'',15/12/2017 à 30/05/2024,,,0.0,244.0,,
"{'horEstacao': 123638250, 'horDataHora': '2021-05-01T20:00:00.000+0000'}",50903260,50903260,50903260,,AÇUDE JOANES II MONTANTE MONT.3,-12.6058,-38.4289,,2024-02-09T15:23:11.863+0000,5,"5 - Atlântico, Trecho Leste","50 - RIOS VAZA-BARRIS,ITAPICURU E .",RIO JOANES,BAHIA,SÃO SEBASTIÃO DO PASSÉ,50,50750000,16,16295000,114,114,2017-12-15T10:00:00.000+0000,2024-05-30T20:00:00.000+0000,INEMA-BA,INEMA-BA,Fluviométrica,1,123638250 - AÇUDE JOANES II MONTANTE MONT.3,,False,False,False,S 12° 36' 20.88'',W 38° 25' 44.04'',15/12/2017 à 30/05/2024,,,0.0,242.0,,
"{'horEstacao': 123638250, 'horDataHora': '2021-05-02T10:00:00.000+0000'}",50903260,50903260,50903260,,AÇUDE JOANES II MONTANTE MONT.3,-12.6058,-38.4289,,2024-02-09T15:23:11.863+0000,5,"5 - Atlântico, Trecho Leste","50 - RIOS VAZA-BARRIS,ITAPICURU E .",RIO JOANES,BAHIA,SÃO SEBASTIÃO DO PASSÉ,50,50750000,16,16295000,114,114,2017-12-15T10:00:00.000+0000,2024-05-30T20:00:00.000+0000,INEMA-BA,INEMA-BA,Fluviométrica,1,123638250 - AÇUDE JOANES II MONTANTE MONT.3,,False,False,False,S 12° 36' 20.88'',W 38° 25' 44.04'',15/12/2017 à 30/05/2024,,,0.0,248.0,,
"{'horEstacao': 123638250, 'horDataHora': '2021-05-03T10:00:00.000+0000'}",50903260,50903260,50903260,,AÇUDE JOANES II MONTANTE MONT.3,-12.6058,-38.4289,,2024-02-09T15:23:11.863+0000,5,"5 - Atlântico, Trecho Leste","50 - RIOS VAZA-BARRIS,ITAPICURU E .",RIO JOANES,BAHIA,SÃO SEBASTIÃO DO PASSÉ,50,50750000,16,16295000,114,114,2017-12-15T10:00:00.000+0000,2024-05-30T20:00:00.000+0000,INEMA-BA,INEMA-BA,Fluviométrica,1,123638250 - AÇUDE JOANES II MONTANTE MONT.3,,False,False,False,S 12° 36' 20.88'',W 38° 25' 44.04'',15/12/2017 à 30/05/2024,,,0.0,248.0,,
"{'horEstacao': 123638250, 'horDataHora': '2021-05-03T20:00:00.000+0000'}",50903260,50903260,50903260,,AÇUDE JOANES II MONTANTE MONT.3,-12.6058,-38.4289,,2024-02-09T15:23:11.863+0000,5,"5 - Atlântico, Trecho Leste","50 - RIOS VAZA-BARRIS,ITAPICURU E .",RIO JOANES,BAHIA,SÃO SEBASTIÃO DO PASSÉ,50,50750000,16,16295000,114,114,2017-12-15T10:00:00.000+0000,2024-05-30T20:00:00.000+0000,INEMA-BA,INEMA-BA,Fluviométrica,1,123638250 - AÇUDE JOANES II MONTANTE MONT.3,,False,False,False,S 12° 36' 20.88'',W 38° 25' 44.04'',15/12/2017 à 30/05/2024,,,0.0,248.0,,
"{'horEstacao': 123638250, 'horDataHora': '2021-05-04T10:00:00.000+0000'}",50903260,50903260,50903260,,AÇUDE JOANES II MONTANTE MONT.3,-12.6058,-38.4289,,2024-02-09T15:23:11.863+0000,5,"5 - Atlântico, Trecho Leste","50 - RIOS VAZA-BARRIS,ITAPICURU E .",RIO JOANES,BAHIA,SÃO SEBASTIÃO DO PASSÉ,50,50750000,16,16295000,114,114,2017-12-15T10:00:00.000+0000,2024-05-30T20:00:00.000+0000,INEMA-BA,INEMA-BA,Fluviométrica,1,123638250 - AÇUDE JOANES II MONTANTE MONT.3,,False,False,False,S 12° 36' 20.88'',W 38° 25' 44.04'',15/12/2017 à 30/05/2024,,,0.0,254.0,,
"{'horEstacao': 123638250, 'horDataHora': '2021-05-04T20:00:00.000+0000'}",50903260,50903260,50903260,,AÇUDE JOANES II MONTANTE MONT.3,-12.6058,-38.4289,,2024-02-09T15:23:11.863+0000,5,"5 - Atlântico, Trecho Leste","50 - RIOS VAZA-BARRIS,ITAPICURU E .",RIO JOANES,BAHIA,SÃO SEBASTIÃO DO PASSÉ,50,50750000,16,16295000,114,114,2017-12-15T10:00:00.000+0000,2024-05-30T20:00:00.000+0000,INEMA-BA,INEMA-BA,Fluviométrica,1,123638250 - AÇUDE JOANES II MONTANTE MONT.3,,False,False,False,S 12° 36' 20.88'',W 38° 25' 44.04'',15/12/2017 à 30/05/2024,,,0.0,264.0,,
"{'horEstacao': 123638250, 'horDataHora': '2021-05-05T10:00:00.000+0000'}",50903260,50903260,50903260,,AÇUDE JOANES II MONTANTE MONT.3,-12.6058,-38.4289,,2024-02-09T15:23:11.863+0000,5,"5 - Atlântico, Trecho Leste","50 - RIOS VAZA-BARRIS,ITAPICURU E .",RIO JOANES,BAHIA,SÃO SEBASTIÃO DO PASSÉ,50,50750000,16,16295000,114,114,2017-12-15T10:00:00.000+0000,2024-05-30T20:00:00.000+0000,INEMA-BA,INEMA-BA,Fluviométrica,1,123638250 - AÇUDE JOANES II MONTANTE MONT.3,,False,False,False,S 12° 36' 20.88'',W 38° 25' 44.04'',15/12/2017 à 30/05/2024,,,0.0,270.0,,
"{'horEstacao': 123638250, 'horDataHora': '2021-05-05T20:00:00.000+0000'}",50903260,50903260,50903260,,AÇUDE JOANES II MONTANTE MONT.3,-12.6058,-38.4289,,2024-02-09T15:23:11.863+0000,5,"5 - Atlântico, Trecho Leste","50 - RIOS VAZA-BARRIS,ITAPICURU E .",RIO JOANES,BAHIA,SÃO SEBASTIÃO DO PASSÉ,50,50750000,16,16295000,114,114,2017-12-15T10:00:00.000+0000,2024-05-30T20:00:00.000+0000,INEMA-BA,INEMA-BA,Fluviométrica,1,123638250 - AÇUDE JOANES II MONTANTE MONT.3,,False,False,False,S 12° 36' 20.88'',W 38° 25' 44.04'',15/12/2017 à 30/05/2024,,,0.0,272.0,,
"{'horEstacao': 123638250, 'horDataHora': '2021-05-06T10:00:00.000+0000'}",50903260,50903260,50903260,,AÇUDE JOANES II MONTANTE MONT.3,-12.6058,-38.4289,,2024-02-09T15:23:11.863+0000,5,"5 - Atlântico, Trecho Leste","50 - RIOS VAZA-BARRIS,ITAPICURU E .",RIO JOANES,BAHIA,SÃO SEBASTIÃO DO PASSÉ,50,50750000,16,16295000,114,114,2017-12-15T10:00:00.000+0000,2024-05-30T20:00:00.000+0000,INEMA-BA,INEMA-BA,Fluviométrica,1,123638250 - AÇUDE JOANES II MONTANTE MONT.3,,False,False,False,S 12° 36' 20.88'',W 38° 25' 44.04'',15/12/2017 à 30/05/2024,,,0.0,330.0,,
"{'horEstacao': 123638250, 'horDataHora': '2021-05-06T20:00:00.000+0000'}",50903260,50903260,50903260,,AÇUDE JOANES II MONTANTE MONT.3,-12.6058,-38.4289,,2024-02-09T15:23:11.863+0000,5,"5 - Atlântico, Trecho Leste","50 - RIOS VAZA-BARRIS,ITAPICURU E .",RIO JOANES,BAHIA,SÃO SEBASTIÃO DO PASSÉ,50,50750000,16,16295000,114,114,2017-12-15T10:00:00.000+0000,2024-05-30T20:00:00.000+0000,INEMA-BA,INEMA-BA,Fluviométrica,1,123638250 - AÇUDE JOANES II MONTANTE MONT.3,,False,False,False,S 12° 36' 20.88'',W 38° 25' 44.04'',15/12/2017 à 30/05/2024,,,0.0,332.0,,
"{'horEstacao': 123638250, 'horDataHora': '2021-05-07T20:00:00.000+0000'}",50903260,50903260,50903260,,AÇUDE JOANES II MONTANTE MONT.3,-12.6058,-38.4289,,2024-02-09T15:23:11.863+0000,5,"5 - Atlântico, Trecho Leste","50 - RIOS VAZA-BARRIS,ITAPICURU E .",RIO JOANES,BAHIA,SÃO SEBASTIÃO DO PASSÉ,50,50750000,16,16295000,114,114,2017-12-15T10:00:00.000+0000,2024-05-30T20:00:00.000+0000,INEMA-BA,INEMA-BA,Fluviométrica,1,123638250 - AÇUDE JOANES II MONTANTE MONT.3,,False,False,False,S 12° 36' 20.88'',W 38° 25' 44.04'',15/12/2017 à 30/05/2024,,,0.0,330.0,,
"{'horEstacao': 123638250, 'horDataHora': '2021-05-08T10:00:00.000+0000'}",50903260,50903260,50903260,,AÇUDE JOANES II MONTANTE MONT.3,-12.6058,-38.4289,,2024-02-09T15:23:11.863+0000,5,"5 - Atlântico, Trecho Leste","50 - RIOS VAZA-BARRIS,ITAPICURU E .",RIO JOANES,BAHIA,SÃO SEBASTIÃO DO PASSÉ,50,50750000,16,16295000,114,114,2017-12-15T10:00:00.000+0000,2024-05-30T20:00:00.000+0000,INEMA-BA,INEMA-BA,Fluviométrica,1,123638250 - AÇUDE JOANES II MONTANTE MONT.3,,False,False,False,S 12° 36' 20.88'',W 38° 25' 44.04'',15/12/2017 à 30/05/2024,,,0.0,292.0,,
"{'horEstacao': 123638250, 'horDataHora': '2021-05-08T20:00:00.000+0000'}",50903260,50903260,50903260,,AÇUDE JOANES II MONTANTE MONT.3,-12.6058,-38.4289,,2024-02-09T15:23:11.863+0000,5,"5 - Atlântico, Trecho Leste","50 - RIOS VAZA-BARRIS,ITAPICURU E .",RIO JOANES,BAHIA,SÃO SEBASTIÃO DO PASSÉ,50,50750000,16,16295000,114,114,2017-12-15T10:00:00.000+0000,2024-05-30T20:00:00.000+0000,INEMA-BA,INEMA-BA,Fluviométrica,1,123638250 - AÇUDE JOANES II MONTANTE MONT.3,,False,False,False,S 12° 36' 20.88'',W 38° 25' 44.04'',15/12/2017 à 30/05/2024,,,0.0,266.0,,
"{'horEstacao': 123638250, 'horDataHora': '2021-05-09T10:00:00.000+0000'}",50903260,50903260,50903260,,AÇUDE JOANES II MONTANTE MONT.3,-12.6058,-38.4289,,2024-02-09T15:23:11.863+0000,5,"5 - Atlântico, Trecho Leste","50 - RIOS VAZA-BARRIS,ITAPICURU E .",RIO JOANES,BAHIA,SÃO SEBASTIÃO DO PASSÉ,50,50750000,16,16295000,114,114,2017-12-15T10:00:00.000+0000,2024-05-30T20:00:00.000+0000,INEMA-BA,INEMA-BA,Fluviométrica,1,123638250 - AÇUDE JOANES II MONTANTE MONT.3,,False,False,False,S 12° 36' 20.88'',W 38° 25' 44.04'',15/12/2017 à 30/05/2024,,,0.0,256.0,,
"{'horEstacao': 123638250, 'horDataHora': '2021-05-09T20:00:00.000+0000'}",50903260,50903260,50903260,,AÇUDE JOANES II MONTANTE MONT.3,-12.6058,-38.4289,,2024-02-09T15:23:11.863+0000,5,"5 - Atlântico, Trecho Leste","50 - RIOS VAZA-BARRIS,ITAPICURU E .",RIO JOANES,BAHIA,SÃO SEBASTIÃO DO PASSÉ,50,50750000,16,16295000,114,114,2017-12-15T10:00:00.000+0000,2024-05-30T20:00:00.000+0000,INEMA-BA,INEMA-BA,Fluviométrica,1,123638250 - AÇUDE JOANES II MONTANTE MONT.3,,False,False,False,S 12° 36' 20.88'',W 38° 25' 44.04'',15/12/2017 à 30/05/2024,,,0.0,256.0,,
"{'horEstacao': 123638250, 'horDataHora': '2021-05-10T10:00:00.000+0000'}",50903260,50903260,50903260,,AÇUDE JOANES II MONTANTE MONT.3,-12.6058,-38.4289,,2024-02-09T15:23:11.863+0000,5,"5 - Atlântico, Trecho Leste","50 - RIOS VAZA-BARRIS,ITAPICURU E .",RIO JOANES,BAHIA,SÃO SEBASTIÃO DO PASSÉ,50,50750000,16,16295000,114,114,2017-12-15T10:00:00.000+0000,2024-05-30T20:00:00.000+0000,INEMA-BA,INEMA-BA,Fluviométrica,1,123638250 - AÇUDE JOANES II MONTANTE MONT.3,,False,False,False,S 12° 36' 20.88'',W 38° 25' 44.04'',15/12/2017 à 30/05/2024,,,0.0,254.0,,
"{'horEstacao': 123638250, 'horDataHora': '2021-05-10T20:00:00.000+0000'}",50903260,50903260,50903260,,AÇUDE JOANES II MONTANTE MONT.3,-12.6058,-38.4289,,2024-02-09T15:23:11.863+0000,5,"5 - Atlântico, Trecho Leste","50 - RIOS VAZA-BARRIS,ITAPICURU E .",RIO JOANES,BAHIA,SÃO SEBASTIÃO DO PASSÉ,50,50750000,16,16295000,114,114,2017-12-15T10:00:00.000+0000,2024-05-30T20:00:00.000+0000,INEMA-BA,INEMA-BA,Fluviométrica,1,123638250 - AÇUDE JOANES II MONTANTE MONT.3,,False,False,False,S 12° 36' 20.88'',W 38° 25' 44.04'',15/12/2017 à 30/05/2024,,,0.0,254.0,,
"{'horEstacao': 123638250, 'horDataHora': '2021-05-11T10:00:00.000+0000'}",50903260,50903260,50903260,,AÇUDE JOANES II MONTANTE MONT.3,-12.6058,-38.4289,,2024-02-09T15:23:11.863+0000,5,"5 - Atlântico, Trecho Leste","50 - RIOS VAZA-BARRIS,ITAPICURU E .",RIO JOANES,BAHIA,SÃO SEBASTIÃO DO PASSÉ,50,50750000,16,16295000,114,114,2017-12-15T10:00:00.000+0000,2024-05-30T20:00:00.000+0000,INEMA-BA,INEMA-BA,Fluviométrica,1,123638250 - AÇUDE JOANES II MONTANTE MONT.3,,False,False,False,S 12° 36' 20.88'',W 38° 25' 44.04'',15/12/2017 à 30/05/2024,,,0.0,252.0,,
"{'horEstacao': 123638250, 'horDataHora': '2021-05-11T20:00:00.000+0000'}",50903260,50903260,50903260,,AÇUDE JOANES II MONTANTE MONT.3,-12.6058,-38.4289,,2024-02-09T15:23:11.863+0000,5,"5 - Atlântico, Trecho Leste","50 - RIOS VAZA-BARRIS,ITAPICURU E .",RIO JOANES,BAHIA,SÃO SEBASTIÃO DO PASSÉ,50,50750000,16,16295000,114,114,2017-12-15T10:00:00.000+0000,2024-05-30T20:00:00.000+0000,INEMA-BA,INEMA-BA,Fluviométrica,1,123638250 - AÇUDE JOANES II MONTANTE MONT.3,,False,False,False,S 12° 36' 20.88'',W 38° 25' 44.04'',15/12/2017 à 30/05/2024,,,0.0,258.0,,
"{'horEstacao': 123638250, 'horDataHora': '2021-05-12T10:00:00.000+0000'}",50903260,50903260,50903260,,AÇUDE JOANES II MONTANTE MONT.3,-12.6058,-38.4289,,2024-02-09T15:23:11.863+0000,5,"5 - Atlântico, Trecho Leste","50 - RIOS VAZA-BARRIS,ITAPICURU E .",RIO JOANES,BAHIA,SÃO SEBASTIÃO DO PASSÉ,50,50750000,16,16295000,114,114,2017-12-15T10:00:00.000+0000,2024-05-30T20:00:00.000+0000,INEMA-BA,INEMA-BA,Fluviométrica,1,123638250 - AÇUDE JOANES II MONTANTE MONT.3,,False,False,False,S 12° 36' 20.88'',W 38° 25' 44.04'',15/12/2017 à 30/05/2024,,,0.0,398.0,,
"{'horEstacao': 123638250, 'horDataHora': '2021-05-12T20:00:00.000+0000'}",50903260,50903260,50903260,,AÇUDE JOANES II MONTANTE MONT.3,-12.6058,-38.4289,,2024-02-09T15:23:11.863+0000,5,"5 - Atlântico, Trecho Leste","50 - RIOS VAZA-BARRIS,ITAPICURU E .",RIO JOANES,BAHIA,SÃO SEBASTIÃO DO PASSÉ,50,50750000,16,16295000,114,114,2017-12-15T10:00:00.000+0000,2024-05-30T20:00:00.000+0000,INEMA-BA,INEMA-BA,Fluviométrica,1,123638250 - AÇUDE JOANES II MONTANTE MONT.3,,False,False,False,S 12° 36' 20.88'',W 38° 25' 44.04'',15/12/2017 à 30/05/2024,,,0.0,304.0,,
"{'horEstacao': 123638250, 'horDataHora': '2021-05-13T10:00:00.000+0000'}",50903260,50903260,50903260,,AÇUDE JOANES II MONTANTE MONT.3,-12.6058,-38.4289,,2024-02-09T15:23:11.863+0000,5,"5 - Atlântico, Trecho Leste","50 - RIOS VAZA-BARRIS,ITAPICURU E .",RIO JOANES,BAHIA,SÃO SEBASTIÃO DO PASSÉ,50,50750000,16,16295000,114,114,2017-12-15T10:00:00.000+0000,2024-05-30T20:00:00.000+0000,INEMA-BA,INEMA-BA,Fluviométrica,1,123638250 - AÇUDE JOANES II MONTANTE MONT.3,,False,False,False,S 12° 36' 20.88'',W 38° 25' 44.04'',15/12/2017 à 30/05/2024,,,0.0,280.0,,
"{'horEstacao': 123638250, 'horDataHora': '2021-05-13T20:00:00.000+0000'}",50903260,50903260,50903260,,AÇUDE JOANES II MONTANTE MONT.3,-12.6058,-38.4289,,2024-02-09T15:23:11.863+0000,5,"5 - Atlântico, Trecho Leste","50 - RIOS VAZA-BARRIS,ITAPICURU E .",RIO JOANES,BAHIA,SÃO SEBASTIÃO DO PASSÉ,50,50750000,16,16295000,114,114,2017-12-15T10:00:00.000+0000,2024-05-30T20:00:00.000+0000,INEMA-BA,INEMA-BA,Fluviométrica,1,123638250 - AÇUDE JOANES II MONTANTE MONT.3,,False,False,False,S 12° 36' 20.88'',W 38° 25' 44.04'',15/12/2017 à 30/05/2024,,,0.0,254.0,,
"{'horEstacao': 123638250, 'horDataHora': '2021-05-14T10:00:00.000+0000'}",50903260,50903260,50903260,,AÇUDE JOANES II MONTANTE MONT.3,-12.6058,-38.4289,,2024-02-09T15:23:11.863+0000,5,"5 - Atlântico, Trecho Leste","50 - RIOS VAZA-BARRIS,ITAPICURU E .",RIO JOANES,BAHIA,SÃO SEBASTIÃO DO PASSÉ,50,50750000,16,16295000,114,114,2017-12-15T10:00:00.000+0000,2024-05-30T20:00:00.000+0000,INEMA-BA,INEMA-BA,Fluviométrica,1,123638250 - AÇUDE JOANES II MONTANTE MONT.3,,False,False,False,S 12° 36' 20.88'',W 38° 25' 44.04'',15/12/2017 à 30/05/2024,,,0.0,252.0,,
"{'horEstacao': 123638250, 'horDataHora': '2021-05-14T20:00:00.000+0000'}",50903260,50903260,50903260,,AÇUDE JOANES II MONTANTE MONT.3,-12.6058,-38.4289,,2024-02-09T15:23:11.863+0000,5,"5 - Atlântico, Trecho Leste","50 - RIOS VAZA-BARRIS,ITAPICURU E .",RIO JOANES,BAHIA,SÃO SEBASTIÃO DO PASSÉ,50,50750000,16,16295000,114,114,2017-12-15T10:00:00.000+0000,2024-05-30T20:00:00.000+0000,INEMA-BA,INEMA-BA,Fluviométrica,1,123638250 - AÇUDE JOANES II MONTANTE MONT.3,,False,False,False,S 12° 36' 20.88'',W 38° 25' 44.04'',15/12/2017 à 30/05/2024,,,0.0,252.0,,
"{'horEstacao': 123638250, 'horDataHora': '2021-05-15T10:00:00.000+0000'}",50903260,50903260,50903260,,AÇUDE JOANES II MONTANTE MONT.3,-12.6058,-38.4289,,2024-02-09T15:23:11.863+0000,5,"5 - Atlântico, Trecho Leste","50 - RIOS VAZA-BARRIS,ITAPICURU E .",RIO JOANES,BAHIA,SÃO SEBASTIÃO DO PASSÉ,50,50750000,16,16295000,114,114,2017-12-15T10:00:00.000+0000,2024-05-30T20:00:00.000+0000,INEMA-BA,INEMA-BA,Fluviométrica,1,123638250 - AÇUDE JOANES II MONTANTE MONT.3,,False,False,False,S 12° 36' 20.88'',W 38° 25' 44.04'',15/12/2017 à 30/05/2024,,,0.0,248.0,,
"{'horEstacao': 123638250, 'horDataHora': '2021-05-15T20:00:00.000+0000'}",50903260,50903260,50903260,,AÇUDE JOANES II MONTANTE MONT.3,-12.6058,-38.4289,,2024-02-09T15:23:11.863+0000,5,"5 - Atlântico, Trecho Leste","50 - RIOS VAZA-BARRIS,ITAPICURU E .",RIO JOANES,BAHIA,SÃO SEBASTIÃO DO PASSÉ,50,50750000,16,16295000,114,114,2017-12-15T10:00:00.000+0000,2024-05-30T20:00:00.000+0000,INEMA-BA,INEMA-BA,Fluviométrica,1,123638250 - AÇUDE JOANES II MONTANTE MONT.3,,False,False,False,S 12° 36' 20.88'',W 38° 25' 44.04'',15/12/2017 à 30/05/2024,,,0.0,248.0,,
"{'horEstacao': 123638250, 'horDataHora': '2021-05-16T10:00:00.000+0000'}",50903260,50903260,50903260,,AÇUDE JOANES II MONTANTE MONT.3,-12.6058,-38.4289,,2024-02-09T15:23:11.863+0000,5,"5 - Atlântico, Trecho Leste","50 - RIOS VAZA-BARRIS,ITAPICURU E .",RIO JOANES,BAHIA,SÃO SEBASTIÃO DO PASSÉ,50,50750000,16,16295000,114,114,2017-12-15T10:00:00.000+0000,2024-05-30T20:00:00.000+0000,INEMA-BA,INEMA-BA,Fluviométrica,1,123638250 - AÇUDE JOANES II MONTANTE MONT.3,,False,False,False,S 12° 36' 20.88'',W 38° 25' 44.04'',15/12/2017 à 30/05/2024,,,0.0,252.0,,
"{'horEstacao': 123638250, 'horDataHora': '2021-05-16T20:00:00.000+0000'}",50903260,50903260,50903260,,AÇUDE JOANES II MONTANTE MONT.3,-12.6058,-38.4289,,2024-02-09T15:23:11.863+0000,5,"5 - Atlântico, Trecho Leste","50 - RIOS VAZA-BARRIS,ITAPICURU E .",RIO JOANES,BAHIA,SÃO SEBASTIÃO DO PASSÉ,50,50750000,16,16295000,114,114,2017-12-15T10:00:00.000+0000,2024-05-30T20:00:00.000+0000,INEMA-BA,INEMA-BA,Fluviométrica,1,123638250 - AÇUDE JOANES II MONTANTE MONT.3,,False,False,False,S 12° 36' 20.88'',W 38° 25' 44.04'',15/12/2017 à 30/05/2024,,,0.0,250.0,,
"{'horEstacao': 123638250, 'horDataHora': '2021-05-17T10:00:00.000+0000'}",50903260,50903260,50903260,,AÇUDE JOANES II MONTANTE MONT.3,-12.6058,-38.4289,,2024-02-09T15:23:11.863+0000,5,"5 - Atlântico, Trecho Leste","50 - RIOS VAZA-BARRIS,ITAPICURU E .",RIO JOANES,BAHIA,SÃO SEBASTIÃO DO PASSÉ,50,50750000,16,16295000,114,114,2017-12-15T10:00:00.000+0000,2024-05-30T20:00:00.000+0000,INEMA-BA,INEMA-BA,Fluviométrica,1,123638250 - AÇUDE JOANES II MONTANTE MONT.3,,False,False,False,S 12° 36' 20.88'',W 38° 25' 44.04'',15/12/2017 à 30/05/2024,,,0.0,250.0,,
"{'horEstacao': 123638250, 'horDataHora': '2021-05-17T20:00:00.000+0000'}",50903260,50903260,50903260,,AÇUDE JOANES II MONTANTE MONT.3,-12.6058,-38.4289,,2024-02-09T15:23:11.863+0000,5,"5 - Atlântico, Trecho Leste","50 - RIOS VAZA-BARRIS,ITAPICURU E .",RIO JOANES,BAHIA,SÃO SEBASTIÃO DO PASSÉ,50,50750000,16,16295000,114,114,2017-12-15T10:00:00.000+0000,2024-05-30T20:00:00.000+0000,INEMA-BA,INEMA-BA,Fluviométrica,1,123638250 - AÇUDE JOANES II MONTANTE MONT.3,,False,False,False,S 12° 36' 20.88'',W 38° 25' 44.04'',15/12/2017 à 30/05/2024,,,0.0,252.0,,
"{'horEstacao': 123638250, 'horDataHora': '2021-05-18T10:00:00.000+0000'}",50903260,50903260,50903260,,AÇUDE JOANES II MONTANTE MONT.3,-12.6058,-38.4289,,2024-02-09T15:23:11.863+0000,5,"5 - Atlântico, Trecho Leste","50 - RIOS VAZA-BARRIS,ITAPICURU E .",RIO JOANES,BAHIA,SÃO SEBASTIÃO DO PASSÉ,50,50750000,16,16295000,114,114,2017-12-15T10:00:00.000+0000,2024-05-30T20:00:00.000+0000,INEMA-BA,INEMA-BA,Fluviométrica,1,123638250 - AÇUDE JOANES II MONTANTE MONT.3,,False,False,False,S 12° 36' 20.88'',W 38° 25' 44.04'',15/12/2017 à 30/05/2024,,,0.0,270.0,,
"{'horEstacao': 123638250, 'horDataHora': '2021-05-18T20:00:00.000+0000'}",50903260,50903260,50903260,,AÇUDE JOANES II MONTANTE MONT.3,-12.6058,-38.4289,,2024-02-09T15:23:11.863+0000,5,"5 - Atlântico, Trecho Leste","50 - RIOS VAZA-BARRIS,ITAPICURU E .",RIO JOANES,BAHIA,SÃO SEBASTIÃO DO PASSÉ,50,50750000,16,16295000,114,114,2017-12-15T10:00:00.000+0000,2024-05-30T20:00:00.000+0000,INEMA-BA,INEMA-BA,Fluviométrica,1,123638250 - AÇUDE JOANES II MONTANTE MONT.3,,False,False,False,S 12° 36' 20.88'',W 38° 25' 44.04'',15/12/2017 à 30/05/2024,,,0.0,310.0,,
"{'horEstacao': 123638250, 'horDataHora': '2021-05-19T10:00:00.000+0000'}",50903260,50903260,50903260,,AÇUDE JOANES II MONTANTE MONT.3,-12.6058,-38.4289,,2024-02-09T15:23:11.863+0000,5,"5 - Atlântico, Trecho Leste","50 - RIOS VAZA-BARRIS,ITAPICURU E .",RIO JOANES,BAHIA,SÃO SEBASTIÃO DO PASSÉ,50,50750000,16,16295000,114,114,2017-12-15T10:00:00.000+0000,2024-05-30T20:00:00.000+0000,INEMA-BA,INEMA-BA,Fluviométrica,1,123638250 - AÇUDE JOANES II MONTANTE MONT.3,,False,False,False,S 12° 36' 20.88'',W 38° 25' 44.04'',15/12/2017 à 30/05/2024,,,0.0,316.0,,
"{'horEstacao': 123638250, 'horDataHora': '2021-05-19T20:00:00.000+0000'}",50903260,50903260,50903260,,AÇUDE JOANES II MONTANTE MONT.3,-12.6058,-38.4289,,2024-02-09T15:23:11.863+0000,5,"5 - Atlântico, Trecho Leste","50 - RIOS VAZA-BARRIS,ITAPICURU E .",RIO JOANES,BAHIA,SÃO SEBASTIÃO DO PASSÉ,50,50750000,16,16295000,114,114,2017-12-15T10:00:00.000+0000,2024-05-30T20:00:00.000+0000,INEMA-BA,INEMA-BA,Fluviométrica,1,123638250 - AÇUDE JOANES II MONTANTE MONT.3,,False,False,False,S 12° 36' 20.88'',W 38° 25' 44.04'',15/12/2017 à 30/05/2024,,,0.0,249.0,,
"{'horEstacao': 123638250, 'horDataHora': '2021-05-20T10:00:00.000+0000'}",50903260,50903260,50903260,,AÇUDE JOANES II MONTANTE MONT.3,-12.6058,-38.4289,,2024-02-09T15:23:11.863+0000,5,"5 - Atlântico, Trecho Leste","50 - RIOS VAZA-BARRIS,ITAPICURU E .",RIO JOANES,BAHIA,SÃO SEBASTIÃO DO PASSÉ,50,50750000,16,16295000,114,114,2017-12-15T10:00:00.000+0000,2024-05-30T20:00:00.000+0000,INEMA-BA,INEMA-BA,Fluviométrica,1,123638250 - AÇUDE JOANES II MONTANTE MONT.3,,False,False,False,S 12° 36' 20.88'',W 38° 25' 44.04'',15/12/2017 à 30/05/2024,,,0.0,252.0,,
"{'horEstacao': 123638250, 'horDataHora': '2021-05-20T20:00:00.000+0000'}",50903260,50903260,50903260,,AÇUDE JOANES II MONTANTE MONT.3,-12.6058,-38.4289,,2024-02-09T15:23:11.863+0000,5,"5 - Atlântico, Trecho Leste","50 - RIOS VAZA-BARRIS,ITAPICURU E .",RIO JOANES,BAHIA,SÃO SEBASTIÃO DO PASSÉ,50,50750000,16,16295000,114,114,2017-12-15T10:00:00.000+0000,2024-05-30T20:00:00.000+0000,INEMA-BA,INEMA-BA,Fluviométrica,1,123638250 - AÇUDE JOANES II MONTANTE MONT.3,,False,False,False,S 12° 36' 20.88'',W 38° 25' 44.04'',15/12/2017 à 30/05/2024,,,0.0,252.0,,
"{'horEstacao': 123638250, 'horDataHora': '2021-05-21T10:00:00.000+0000'}",50903260,50903260,50903260,,AÇUDE JOANES II MONTANTE MONT.3,-12.6058,-38.4289,,2024-02-09T15:23:11.863+0000,5,"5 - Atlântico, Trecho Leste","50 - RIOS VAZA-BARRIS,ITAPICURU E .",RIO JOANES,BAHIA,SÃO SEBASTIÃO DO PASSÉ,50,50750000,16,16295000,114,114,2017-12-15T10:00:00.000+0000,2024-05-30T20:00:00.000+0000,INEMA-BA,INEMA-BA,Fluviométrica,1,123638250 - AÇUDE JOANES II MONTANTE MONT.3,,False,False,False,S 12° 36' 20.88'',W 38° 25' 44.04'',15/12/2017 à 30/05/2024,,,0.0,250.0,,
"{'horEstacao': 123638250, 'horDataHora': '2021-05-21T20:00:00.000+0000'}",50903260,50903260,50903260,,AÇUDE JOANES II MONTANTE MONT.3,-12.6058,-38.4289,,2024-02-09T15:23:11.863+0000,5,"5 - Atlântico, Trecho Leste","50 - RIOS VAZA-BARRIS,ITAPICURU E .",RIO JOANES,BAHIA,SÃO SEBASTIÃO DO PASSÉ,50,50750000,16,16295000,114,114,2017-12-15T10:00:00.000+0000,2024-05-30T20:00:00.000+0000,INEMA-BA,INEMA-BA,Fluviométrica,1,123638250 - AÇUDE JOANES II MONTANTE MONT.3,,False,False,False,S 12° 36' 20.88'',W 38° 25' 44.04'',15/12/2017 à 30/05/2024,,,0.0,250.0,,
"{'horEstacao': 123638250, 'horDataHora': '2021-05-22T10:00:00.000+0000'}",50903260,50903260,50903260,,AÇUDE JOANES II MONTANTE MONT.3,-12.6058,-38.4289,,2024-02-09T15:23:11.863+0000,5,"5 - Atlântico, Trecho Leste","50 - RIOS VAZA-BARRIS,ITAPICURU E .",RIO JOANES,BAHIA,SÃO SEBASTIÃO DO PASSÉ,50,50750000,16,16295000,114,114,2017-12-15T10:00:00.000+0000,2024-05-30T20:00:00.000+0000,INEMA-BA,INEMA-BA,Fluviométrica,1,123638250 - AÇUDE JOANES II MONTANTE MONT.3,,False,False,False,S 12° 36' 20.88'',W 38° 25' 44.04'',15/12/2017 à 30/05/2024,,,0.0,248.0,,
"{'horEstacao': 123638250, 'horDataHora': '2021-05-22T20:00:00.000+0000'}",50903260,50903260,50903260,,AÇUDE JOANES II MONTANTE MONT.3,-12.6058,-38.4289,,2024-02-09T15:23:11.863+0000,5,"5 - Atlântico, Trecho Leste","50 - RIOS VAZA-BARRIS,ITAPICURU E .",RIO JOANES,BAHIA,SÃO SEBASTIÃO DO PASSÉ,50,50750000,16,16295000,114,114,2017-12-15T10:00:00.000+0000,2024-05-30T20:00:00.000+0000,INEMA-BA,INEMA-BA,Fluviométrica,1,123638250 - AÇUDE JOANES II MONTANTE MONT.3,,False,False,False,S 12° 36' 20.88'',W 38° 25' 44.04'',15/12/2017 à 30/05/2024,,,0.0,252.0,,
"{'horEstacao': 123638250, 'horDataHora': '2021-05-23T10:00:00.000+0000'}",50903260,50903260,50903260,,AÇUDE JOANES II MONTANTE MONT.3,-12.6058,-38.4289,,2024-02-09T15:23:11.863+0000,5,"5 - Atlântico, Trecho Leste","50 - RIOS VAZA-BARRIS,ITAPICURU E .",RIO JOANES,BAHIA,SÃO SEBASTIÃO DO PASSÉ,50,50750000,16,16295000,114,114,2017-12-15T10:00:00.000+0000,2024-05-30T20:00:00.000+0000,INEMA-BA,INEMA-BA,Fluviométrica,1,123638250 - AÇUDE JOANES II MONTANTE MONT.3,,False,False,False,S 12° 36' 20.88'',W 38° 25' 44.04'',15/12/2017 à 30/05/2024,,,0.0,246.0,,
"{'horEstacao': 123638250, 'horDataHora': '2021-05-23T20:00:00.000+0000'}",50903260,50903260,50903260,,AÇUDE JOANES II MONTANTE MONT.3,-12.6058,-38.4289,,2024-02-09T15:23:11.863+0000,5,"5 - Atlântico, Trecho Leste","50 - RIOS VAZA-BARRIS,ITAPICURU E .",RIO JOANES,BAHIA,SÃO SEBASTIÃO DO PASSÉ,50,50750000,16,16295000,114,114,2017-12-15T10:00:00.000+0000,2024-05-30T20:00:00.000+0000,INEMA-BA,INEMA-BA,Fluviométrica,1,123638250 - AÇUDE JOANES II MONTANTE MONT.3,,False,False,False,S 12° 36' 20.88'',W 38° 25' 44.04'',15/12/2017 à 30/05/2024,,,0.0,244.0,,
"{'horEstacao': 123638250, 'horDataHora': '2021-05-24T10:00:00.000+0000'}",50903260,50903260,50903260,,AÇUDE JOANES II MONTANTE MONT.3,-12.6058,-38.4289,,2024-02-09T15:23:11.863+0000,5,"5 - Atlântico, Trecho Leste","50 - RIOS VAZA-BARRIS,ITAPICURU E .",RIO JOANES,BAHIA,SÃO SEBASTIÃO DO PASSÉ,50,50750000,16,16295000,114,114,2017-12-15T10:00:00.000+0000,2024-05-30T20:00:00.000+0000,INEMA-BA,INEMA-BA,Fluviométrica,1,123638250 - AÇUDE JOANES II MONTANTE MONT.3,,False,False,False,S 12° 36' 20.88'',W 38° 25' 44.04'',15/12/2017 à 30/05/2024,,,0.0,244.0,,
"{'horEstacao': 123638250, 'horDataHora': '2021-05-24T20:00:00.000+0000'}",50903260,50903260,50903260,,AÇUDE JOANES II MONTANTE MONT.3,-12.6058,-38.4289,,2024-02-09T15:23:11.863+0000,5,"5 - Atlântico, Trecho Leste","50 - RIOS VAZA-BARRIS,ITAPICURU E .",RIO JOANES,BAHIA,SÃO SEBASTIÃO DO PASSÉ,50,50750000,16,16295000,114,114,2017-12-15T10:00:00.000+0000,2024-05-30T20:00:00.000+0000,INEMA-BA,INEMA-BA,Fluviométrica,1,123638250 - AÇUDE JOANES II MONTANTE MONT.3,,False,False,False,S 12° 36' 20.88'',W 38° 25' 44.04'',15/12/2017 à 30/05/2024,,,0.0,244.0,,
"{'horEstacao': 123638250, 'horDataHora': '2021-05-25T10:00:00.000+0000'}",50903260,50903260,50903260,,AÇUDE JOANES II MONTANTE MONT.3,-12.6058,-38.4289,,2024-02-09T15:23:11.863+0000,5,"5 - Atlântico, Trecho Leste","50 - RIOS VAZA-BARRIS,ITAPICURU E .",RIO JOANES,BAHIA,SÃO SEBASTIÃO DO PASSÉ,50,50750000,16,16295000,114,114,2017-12-15T10:00:00.000+0000,2024-05-30T20:00:00.000+0000,INEMA-BA,INEMA-BA,Fluviométrica,1,123638250 - AÇUDE JOANES II MONTANTE MONT.3,,False,False,False,S 12° 36' 20.88'',W 38° 25' 44.04'',15/12/2017 à 30/05/2024,,,0.0,242.0,,
"{'horEstacao': 123638250, 'horDataHora': '2021-05-25T20:00:00.000+0000'}",50903260,50903260,50903260,,AÇUDE JOANES II MONTANTE MONT.3,-12.6058,-38.4289,,2024-02-09T15:23:11.863+0000,5,"5 - Atlântico, Trecho Leste","50 - RIOS VAZA-BARRIS,ITAPICURU E .",RIO JOANES,BAHIA,SÃO SEBASTIÃO DO PASSÉ,50,50750000,16,16295000,114,114,2017-12-15T10:00:00.000+0000,2024-05-30T20:00:00.000+0000,INEMA-BA,INEMA-BA,Fluviométrica,1,123638250 - AÇUDE JOANES II MONTANTE MONT.3,,False,False,False,S 12° 36' 20.88'',W 38° 25' 44.04'',15/12/2017 à 30/05/2024,,,0.0,242.0,,
"{'horEstacao': 123638250, 'horDataHora': '2021-05-26T10:00:00.000+0000'}",50903260,50903260,50903260,,AÇUDE JOANES II MONTANTE MONT.3,-12.6058,-38.4289,,2024-02-09T15:23:11.863+0000,5,"5 - Atlântico, Trecho Leste","50 - RIOS VAZA-BARRIS,ITAPICURU E .",RIO JOANES,BAHIA,SÃO SEBASTIÃO DO PASSÉ,50,50750000,16,16295000,114,114,2017-12-15T10:00:00.000+0000,2024-05-30T20:00:00.000+0000,INEMA-BA,INEMA-BA,Fluviométrica,1,123638250 - AÇUDE JOANES II MONTANTE MONT.3,,False,False,False,S 12° 36' 20.88'',W 38° 25' 44.04'',15/12/2017 à 30/05/2024,,,0.0,240.0,,
"{'horEstacao': 123638250, 'horDataHora': '2021-05-26T20:00:00.000+0000'}",50903260,50903260,50903260,,AÇUDE JOANES II MONTANTE MONT.3,-12.6058,-38.4289,,2024-02-09T15:23:11.863+0000,5,"5 - Atlântico, Trecho Leste","50 - RIOS VAZA-BARRIS,ITAPICURU E .",RIO JOANES,BAHIA,SÃO SEBASTIÃO DO PASSÉ,50,50750000,16,16295000,114,114,2017-12-15T10:00:00.000+0000,2024-05-30T20:00:00.000+0000,INEMA-BA,INEMA-BA,Fluviométrica,1,123638250 - AÇUDE JOANES II MONTANTE MONT.3,,False,False,False,S 12° 36' 20.88'',W 38° 25' 44.04'',15/12/2017 à 30/05/2024,,,0.0,240.0,,
"{'horEstacao': 123638250, 'horDataHora': '2021-05-27T10:00:00.000+0000'}",50903260,50903260,50903260,,AÇUDE JOANES II MONTANTE MONT.3,-12.6058,-38.4289,,2024-02-09T15:23:11.863+0000,5,"5 - Atlântico, Trecho Leste","50 - RIOS VAZA-BARRIS,ITAPICURU E .",RIO JOANES,BAHIA,SÃO SEBASTIÃO DO PASSÉ,50,50750000,16,16295000,114,114,2017-12-15T10:00:00.000+0000,2024-05-30T20:00:00.000+0000,INEMA-BA,INEMA-BA,Fluviométrica,1,123638250 - AÇUDE JOANES II MONTANTE MONT.3,,False,False,False,S 12° 36' 20.88'',W 38° 25' 44.04'',15/12/2017 à 30/05/2024,,,0.0,236.0,,
"{'horEstacao': 123638250, 'horDataHora': '2021-05-27T20:00:00.000+0000'}",50903260,50903260,50903260,,AÇUDE JOANES II MONTANTE MONT.3,-12.6058,-38.4289,,2024-02-09T15:23:11.863+0000,5,"5 - Atlântico, Trecho Leste","50 - RIOS VAZA-BARRIS,ITAPICURU E .",RIO JOANES,BAHIA,SÃO SEBASTIÃO DO PASSÉ,50,50750000,16,16295000,114,114,2017-12-15T10:00:00.000+0000,2024-05-30T20:00:00.000+0000,INEMA-BA,INEMA-BA,Fluviométrica,1,123638250 - AÇUDE JOANES II MONTANTE MONT.3,,False,False,False,S 12° 36' 20.88'',W 38° 25' 44.04'',15/12/2017 à 30/05/2024,,,0.0,236.0,,
"{'horEstacao': 123638250, 'horDataHora': '2021-05-28T10:00:00.000+0000'}",50903260,50903260,50903260,,AÇUDE JOANES II MONTANTE MONT.3,-12.6058,-38.4289,,2024-02-09T15:23:11.863+0000,5,"5 - Atlântico, Trecho Leste","50 - RIOS VAZA-BARRIS,ITAPICURU E .",RIO JOANES,BAHIA,SÃO SEBASTIÃO DO PASSÉ,50,50750000,16,16295000,114,114,2017-12-15T10:00:00.000+0000,2024-05-30T20:00:00.000+0000,INEMA-BA,INEMA-BA,Fluviométrica,1,123638250 - AÇUDE JOANES II MONTANTE MONT.3,,False,False,False,S 12° 36' 20.88'',W 38° 25' 44.04'',15/12/2017 à 30/05/2024,,,0.0,236.0,,
"{'horEstacao': 123638250, 'horDataHora': '2021-05-28T20:00:00.000+0000'}",50903260,50903260,50903260,,AÇUDE JOANES II MONTANTE MONT.3,-12.6058,-38.4289,,2024-02-09T15:23:11.863+0000,5,"5 - Atlântico, Trecho Leste","50 - RIOS VAZA-BARRIS,ITAPICURU E .",RIO JOANES,BAHIA,SÃO SEBASTIÃO DO PASSÉ,50,50750000,16,16295000,114,114,2017-12-15T10:00:00.000+0000,2024-05-30T20:00:00.000+0000,INEMA-BA,INEMA-BA,Fluviométrica,1,123638250 - AÇUDE JOANES II MONTANTE MONT.3,,False,False,False,S 12° 36' 20.88'',W 38° 25' 44.04'',15/12/2017 à 30/05/2024,,,0.0,236.0,,
"{'horEstacao': 123638250, 'horDataHora': '2021-05-29T10:00:00.000+0000'}",50903260,50903260,50903260,,AÇUDE JOANES II MONTANTE MONT.3,-12.6058,-38.4289,,2024-02-09T15:23:11.863+0000,5,"5 - Atlântico, Trecho Leste","50 - RIOS VAZA-BARRIS,ITAPICURU E .",RIO JOANES,BAHIA,SÃO SEBASTIÃO DO PASSÉ,50,50750000,16,16295000,114,114,2017-12-15T10:00:00.000+0000,2024-05-30T20:00:00.000+0000,INEMA-BA,INEMA-BA,Fluviométrica,1,123638250 - AÇUDE JOANES II MONTANTE MONT.3,,False,False,False,S 12° 36' 20.88'',W 38° 25' 44.04'',15/12/2017 à 30/05/2024,,,0.0,234.0,,
"{'horEstacao': 123638250, 'horDataHora': '2021-05-29T20:00:00.000+0000'}",50903260,50903260,50903260,,AÇUDE JOANES II MONTANTE MONT.3,-12.6058,-38.4289,,2024-02-09T15:23:11.863+0000,5,"5 - Atlântico, Trecho Leste","50 - RIOS VAZA-BARRIS,ITAPICURU E .",RIO JOANES,BAHIA,SÃO SEBASTIÃO DO PASSÉ,50,50750000,16,16295000,114,114,2017-12-15T10:00:00.000+0000,2024-05-30T20:00:00.000+0000,INEMA-BA,INEMA-BA,Fluviométrica,1,123638250 - AÇUDE JOANES II MONTANTE MONT.3,,False,False,False,S 12° 36' 20.88'',W 38° 25' 44.04'',15/12/2017 à 30/05/2024,,,0.0,234.0,,
"{'horEstacao': 123638250, 'horDataHora': '2021-05-30T10:00:00.000+0000'}",50903260,50903260,50903260,,AÇUDE JOANES II MONTANTE MONT.3,-12.6058,-38.4289,,2024-02-09T15:23:11.863+0000,5,"5 - Atlântico, Trecho Leste","50 - RIOS VAZA-BARRIS,ITAPICURU E .",RIO JOANES,BAHIA,SÃO SEBASTIÃO DO PASSÉ,50,50750000,16,16295000,114,114,2017-12-15T10:00:00.000+0000,2024-05-30T20:00:00.000+0000,INEMA-BA,INEMA-BA,Fluviométrica,1,123638250 - AÇUDE JOANES II MONTANTE MONT.3,,False,False,False,S 12° 36' 20.88'',W 38° 25' 44.04'',15/12/2017 à 30/05/2024,,,0.0,234.0,,
"{'horEstacao': 123638250, 'horDataHora': '2021-05-30T20:00:00.000+0000'}",50903260,50903260,50903260,,AÇUDE JOANES II MONTANTE MONT.3,-12.6058,-38.4289,,2024-02-09T15:23:11.863+0000,5,"5 - Atlântico, Trecho Leste","50 - RIOS VAZA-BARRIS,ITAPICURU E .",RIO JOANES,BAHIA,SÃO SEBASTIÃO DO PASSÉ,50,50750000,16,16295000,114,114,2017-12-15T10:00:00.000+0000,2024-05-30T20:00:00.000+0000,INEMA-BA,INEMA-BA,Fluviométrica,1,123638250 - AÇUDE JOANES II MONTANTE MONT.3,,False,False,False,S 12° 36' 20.88'',W 38° 25' 44.04'',15/12/2017 à 30/05/2024,,,0.0,234.0,,
"{'horEstacao': 123638250, 'horDataHora': '2021-05-31T10:00:00.000+0000'}",50903260,50903260,50903260,,AÇUDE JOANES II MONTANTE MONT.3,-12.6058,-38.4289,,2024-02-09T15:23:11.863+0000,5,"5 - Atlântico, Trecho Leste","50 - RIOS VAZA-BARRIS,ITAPICURU E .",RIO JOANES,BAHIA,SÃO SEBASTIÃO DO PASSÉ,50,50750000,16,16295000,114,114,2017-12-15T10:00:00.000+0000,2024-05-30T20:00:00.000+0000,INEMA-BA,INEMA-BA,Fluviométrica,1,123638250 - AÇUDE JOANES II MONTANTE MONT.3,,False,False,False,S 12° 36' 20.88'',W 38° 25' 44.04'',15/12/2017 à 30/05/2024,,,0.0,232.0,,
"{'horEstacao': 123638250, 'horDataHora': '2021-05-31T20:00:00.000+0000'}",50903260,50903260,50903260,,AÇUDE JOANES II MONTANTE MONT.3,-12.6058,-38.4289,,2024-02-09T15:23:11.863+0000,5,"5 - Atlântico, Trecho Leste","50 - RIOS VAZA-BARRIS,ITAPICURU E .",RIO JOANES,BAHIA,SÃO SEBASTIÃO DO PASSÉ,50,50750000,16,16295000,114,114,2017-12-15T10:00:00.000+0000,2024-05-30T20:00:00.000+0000,INEMA-BA,INEMA-BA,Fluviométrica,1,123638250 - AÇUDE JOANES II MONTANTE MONT.3,,False,False,False,S 12° 36' 20.88'',W 38° 25' 44.04'',15/12/2017 à 30/05/2024,,,0.0,231.0,,
"{'horEstacao': 123638250, 'horDataHora': '2021-06-01T10:00:00.000+0000'}",50903260,50903260,50903260,,AÇUDE JOANES II MONTANTE MONT.3,-12.6058,-38.4289,,2024-02-09T15:23:11.863+0000,5,"5 - Atlântico, Trecho Leste","50 - RIOS VAZA-BARRIS,ITAPICURU E .",RIO JOANES,BAHIA,SÃO SEBASTIÃO DO PASSÉ,50,50750000,16,16295000,114,114,2017-12-15T10:00:00.000+0000,2024-05-30T20:00:00.000+0000,INEMA-BA,INEMA-BA,Fluviométrica,1,123638250 - AÇUDE JOANES II MONTANTE MONT.3,,False,False,False,S 12° 36' 20.88'',W 38° 25' 44.04'',15/12/2017 à 30/05/2024,,,0.0,232.0,,
"{'horEstacao': 123638250, 'horDataHora': '2021-06-01T20:00:00.000+0000'}",50903260,50903260,50903260,,AÇUDE JOANES II MONTANTE MONT.3,-12.6058,-38.4289,,2024-02-09T15:23:11.863+0000,5,"5 - Atlântico, Trecho Leste","50 - RIOS VAZA-BARRIS,ITAPICURU E .",RIO JOANES,BAHIA,SÃO SEBASTIÃO DO PASSÉ,50,50750000,16,16295000,114,114,2017-12-15T10:00:00.000+0000,2024-05-30T20:00:00.000+0000,INEMA-BA,INEMA-BA,Fluviométrica,1,123638250 - AÇUDE JOANES II MONTANTE MONT.3,,False,False,False,S 12° 36' 20.88'',W 38° 25' 44.04'',15/12/2017 à 30/05/2024,,,0.0,232.0,,
"{'horEstacao': 123638250, 'horDataHora': '2021-06-02T10:00:00.000+0000'}",50903260,50903260,50903260,,AÇUDE JOANES II MONTANTE MONT.3,-12.6058,-38.4289,,2024-02-09T15:23:11.863+0000,5,"5 - Atlântico, Trecho Leste","50 - RIOS VAZA-BARRIS,ITAPICURU E .",RIO JOANES,BAHIA,SÃO SEBASTIÃO DO PASSÉ,50,50750000,16,16295000,114,114,2017-12-15T10:00:00.000+0000,2024-05-30T20:00:00.000+0000,INEMA-BA,INEMA-BA,Fluviométrica,1,123638250 - AÇUDE JOANES II MONTANTE MONT.3,,False,False,False,S 12° 36' 20.88'',W 38° 25' 44.04'',15/12/2017 à 30/05/2024,,,0.0,232.0,,
"{'horEstacao': 123638250, 'horDataHora': '2021-06-02T20:00:00.000+0000'}",50903260,50903260,50903260,,AÇUDE JOANES II MONTANTE MONT.3,-12.6058,-38.4289,,2024-02-09T15:23:11.863+0000,5,"5 - Atlântico, Trecho Leste","50 - RIOS VAZA-BARRIS,ITAPICURU E .",RIO JOANES,BAHIA,SÃO SEBASTIÃO DO PASSÉ,50,50750000,16,16295000,114,114,2017-12-15T10:00:00.000+0000,2024-05-30T20:00:00.000+0000,INEMA-BA,INEMA-BA,Fluviométrica,1,123638250 - AÇUDE JOANES II MONTANTE MONT.3,,False,False,False,S 12° 36' 20.88'',W 38° 25' 44.04'',15/12/2017 à 30/05/2024,,,0.0,232.0,,
"{'horEstacao': 123638250, 'horDataHora': '2021-06-03T10:00:00.000+0000'}",50903260,50903260,50903260,,AÇUDE JOANES II MONTANTE MONT.3,-12.6058,-38.4289,,2024-02-09T15:23:11.863+0000,5,"5 - Atlântico, Trecho Leste","50 - RIOS VAZA-BARRIS,ITAPICURU E .",RIO JOANES,BAHIA,SÃO SEBASTIÃO DO PASSÉ,50,50750000,16,16295000,114,114,2017-12-15T10:00:00.000+0000,2024-05-30T20:00:00.000+0000,INEMA-BA,INEMA-BA,Fluviométrica,1,123638250 - AÇUDE JOANES II MONTANTE MONT.3,,False,False,False,S 12° 36' 20.88'',W 38° 25' 44.04'',15/12/2017 à 30/05/2024,,,0.0,232.0,,
"{'horEstacao': 123638250, 'horDataHora': '2021-06-03T20:00:00.000+0000'}",50903260,50903260,50903260,,AÇUDE JOANES II MONTANTE MONT.3,-12.6058,-38.4289,,2024-02-09T15:23:11.863+0000,5,"5 - Atlântico, Trecho Leste","50 - RIOS VAZA-BARRIS,ITAPICURU E .",RIO JOANES,BAHIA,SÃO SEBASTIÃO DO PASSÉ,50,50750000,16,16295000,114,114,2017-12-15T10:00:00.000+0000,2024-05-30T20:00:00.000+0000,INEMA-BA,INEMA-BA,Fluviométrica,1,123638250 - AÇUDE JOANES II MONTANTE MONT.3,,False,False,False,S 12° 36' 20.88'',W 38° 25' 44.04'',15/12/2017 à 30/05/2024,,,0.0,232.0,,
"{'horEstacao': 123638250, 'horDataHora': '2021-06-04T10:00:00.000+0000'}",50903260,50903260,50903260,,AÇUDE JOANES II MONTANTE MONT.3,-12.6058,-38.4289,,2024-02-09T15:23:11.863+0000,5,"5 - Atlântico, Trecho Leste","50 - RIOS VAZA-BARRIS,ITAPICURU E .",RIO JOANES,BAHIA,SÃO SEBASTIÃO DO PASSÉ,50,50750000,16,16295000,114,114,2017-12-15T10:00:00.000+0000,2024-05-30T20:00:00.000+0000,INEMA-BA,INEMA-BA,Fluviométrica,1,123638250 - AÇUDE JOANES II MONTANTE MONT.3,,False,False,False,S 12° 36' 20.88'',W 38° 25' 44.04'',15/12/2017 à 30/05/2024,,,0.0,234.0,,
"{'horEstacao': 123638250, 'horDataHora': '2021-06-04T20:00:00.000+0000'}",50903260,50903260,50903260,,AÇUDE JOANES II MONTANTE MONT.3,-12.6058,-38.4289,,2024-02-09T15:23:11.863+0000,5,"5 - Atlântico, Trecho Leste","50 - RIOS VAZA-BARRIS,ITAPICURU E .",RIO JOANES,BAHIA,SÃO SEBASTIÃO DO PASSÉ,50,50750000,16,16295000,114,114,2017-12-15T10:00:00.000+0000,2024-05-30T20:00:00.000+0000,INEMA-BA,INEMA-BA,Fluviométrica,1,123638250 - AÇUDE JOANES II MONTANTE MONT.3,,False,False,False,S 12° 36' 20.88'',W 38° 25' 44.04'',15/12/2017 à 30/05/2024,,,0.0,234.0,,
"{'horEstacao': 123638250, 'horDataHora': '2021-06-05T10:00:00.000+0000'}",50903260,50903260,50903260,,AÇUDE JOANES II MONTANTE MONT.3,-12.6058,-38.4289,,2024-02-09T15:23:11.863+0000,5,"5 - Atlântico, Trecho Leste","50 - RIOS VAZA-BARRIS,ITAPICURU E .",RIO JOANES,BAHIA,SÃO SEBASTIÃO DO PASSÉ,50,50750000,16,16295000,114,114,2017-12-15T10:00:00.000+0000,2024-05-30T20:00:00.000+0000,INEMA-BA,INEMA-BA,Fluviométrica,1,123638250 - AÇUDE JOANES II MONTANTE MONT.3,,False,False,False,S 12° 36' 20.88'',W 38° 25' 44.04'',15/12/2017 à 30/05/2024,,,0.0,236.0,,
"{'horEstacao': 123638250, 'horDataHora': '2021-06-05T20:00:00.000+0000'}",50903260,50903260,50903260,,AÇUDE JOANES II MONTANTE MONT.3,-12.6058,-38.4289,,2024-02-09T15:23:11.863+0000,5,"5 - Atlântico, Trecho Leste","50 - RIOS VAZA-BARRIS,ITAPICURU E .",RIO JOANES,BAHIA,SÃO SEBASTIÃO DO PASSÉ,50,50750000,16,16295000,114,114,2017-12-15T10:00:00.000+0000,2024-05-30T20:00:00.000+0000,INEMA-BA,INEMA-BA,Fluviométrica,1,123638250 - AÇUDE JOANES II MONTANTE MONT.3,,False,False,False,S 12° 36' 20.88'',W 38° 25' 44.04'',15/12/2017 à 30/05/2024,,,0.0,236.0,,
"{'horEstacao': 123638250, 'horDataHora': '2021-06-06T10:00:00.000+0000'}",50903260,50903260,50903260,,AÇUDE JOANES II MONTANTE MONT.3,-12.6058,-38.4289,,2024-02-09T15:23:11.863+0000,5,"5 - Atlântico, Trecho Leste","50 - RIOS VAZA-BARRIS,ITAPICURU E .",RIO JOANES,BAHIA,SÃO SEBASTIÃO DO PASSÉ,50,50750000,16,16295000,114,114,2017-12-15T10:00:00.000+0000,2024-05-30T20:00:00.000+0000,INEMA-BA,INEMA-BA,Fluviométrica,1,123638250 - AÇUDE JOANES II MONTANTE MONT.3,,False,False,False,S 12° 36' 20.88'',W 38° 25' 44.04'',15/12/2017 à 30/05/2024,,,0.0,238.0,,
"{'horEstacao': 123638250, 'horDataHora': '2021-06-06T20:00:00.000+0000'}",50903260,50903260,50903260,,AÇUDE JOANES II MONTANTE MONT.3,-12.6058,-38.4289,,2024-02-09T15:23:11.863+0000,5,"5 - Atlântico, Trecho Leste","50 - RIOS VAZA-BARRIS,ITAPICURU E .",RIO JOANES,BAHIA,SÃO SEBASTIÃO DO PASSÉ,50,50750000,16,16295000,114,114,2017-12-15T10:00:00.000+0000,2024-05-30T20:00:00.000+0000,INEMA-BA,INEMA-BA,Fluviométrica,1,123638250 - AÇUDE JOANES II MONTANTE MONT.3,,False,False,False,S 12° 36' 20.88'',W 38° 25' 44.04'',15/12/2017 à 30/05/2024,,,0.0,238.0,,
"{'horEstacao': 123638250, 'horDataHora': '2021-06-07T10:00:00.000+0000'}",50903260,50903260,50903260,,AÇUDE JOANES II MONTANTE MONT.3,-12.6058,-38.4289,,2024-02-09T15:23:11.863+0000,5,"5 - Atlântico, Trecho Leste","50 - RIOS VAZA-BARRIS,ITAPICURU E .",RIO JOANES,BAHIA,SÃO SEBASTIÃO DO PASSÉ,50,50750000,16,16295000,114,114,2017-12-15T10:00:00.000+0000,2024-05-30T20:00:00.000+0000,INEMA-BA,INEMA-BA,Fluviométrica,1,123638250 - AÇUDE JOANES II MONTANTE MONT.3,,False,False,False,S 12° 36' 20.88'',W 38° 25' 44.04'',15/12/2017 à 30/05/2024,,,0.0,238.0,,
"{'horEstacao': 123638250, 'horDataHora': '2021-06-07T20:00:00.000+0000'}",50903260,50903260,50903260,,AÇUDE JOANES II MONTANTE MONT.3,-12.6058,-38.4289,,2024-02-09T15:23:11.863+0000,5,"5 - Atlântico, Trecho Leste","50 - RIOS VAZA-BARRIS,ITAPICURU E .",RIO JOANES,BAHIA,SÃO SEBASTIÃO DO PASSÉ,50,50750000,16,16295000,114,114,2017-12-15T10:00:00.000+0000,2024-05-30T20:00:00.000+0000,INEMA-BA,INEMA-BA,Fluviométrica,1,123638250 - AÇUDE JOANES II MONTANTE MONT.3,,False,False,False,S 12° 36' 20.88'',W 38° 25' 44.04'',15/12/2017 à 30/05/2024,,,0.0,238.0,,
"{'horEstacao': 123638250, 'horDataHora': '2021-06-08T10:00:00.000+0000'}",50903260,50903260,50903260,,AÇUDE JOANES II MONTANTE MONT.3,-12.6058,-38.4289,,2024-02-09T15:23:11.863+0000,5,"5 - Atlântico, Trecho Leste","50 - RIOS VAZA-BARRIS,ITAPICURU E .",RIO JOANES,BAHIA,SÃO SEBASTIÃO DO PASSÉ,50,50750000,16,16295000,114,114,2017-12-15T10:00:00.000+0000,2024-05-30T20:00:00.000+0000,INEMA-BA,INEMA-BA,Fluviométrica,1,123638250 - AÇUDE JOANES II MONTANTE MONT.3,,False,False,False,S 12° 36' 20.88'',W 38° 25' 44.04'',15/12/2017 à 30/05/2024,,,0.0,238.0,,
"{'horEstacao': 123638250, 'horDataHora': '2021-06-08T20:00:00.000+0000'}",50903260,50903260,50903260,,AÇUDE JOANES II MONTANTE MONT.3,-12.6058,-38.4289,,2024-02-09T15:23:11.863+0000,5,"5 - Atlântico, Trecho Leste","50 - RIOS VAZA-BARRIS,ITAPICURU E .",RIO JOANES,BAHIA,SÃO SEBASTIÃO DO PASSÉ,50,50750000,16,16295000,114,114,2017-12-15T10:00:00.000+0000,2024-05-30T20:00:00.000+0000,INEMA-BA,INEMA-BA,Fluviométrica,1,123638250 - AÇUDE JOANES II MONTANTE MONT.3,,False,False,False,S 12° 36' 20.88'',W 38° 25' 44.04'',15/12/2017 à 30/05/2024,,,0.0,238.0,,
"{'horEstacao': 123638250, 'horDataHora': '2021-06-09T10:00:00.000+0000'}",50903260,50903260,50903260,,AÇUDE JOANES II MONTANTE MONT.3,-12.6058,-38.4289,,2024-02-09T15:23:11.863+0000,5,"5 - Atlântico, Trecho Leste","50 - RIOS VAZA-BARRIS,ITAPICURU E .",RIO JOANES,BAHIA,SÃO SEBASTIÃO DO PASSÉ,50,50750000,16,16295000,114,114,2017-12-15T10:00:00.000+0000,2024-05-30T20:00:00.000+0000,INEMA-BA,INEMA-BA,Fluviométrica,1,123638250 - AÇUDE JOANES II MONTANTE MONT.3,,False,False,False,S 12° 36' 20.88'',W 38° 25' 44.04'',15/12/2017 à 30/05/2024,,,0.0,236.0,,
"{'horEstacao': 123638250, 'horDataHora': '2021-06-09T20:00:00.000+0000'}",50903260,50903260,50903260,,AÇUDE JOANES II MONTANTE MONT.3,-12.6058,-38.4289,,2024-02-09T15:23:11.863+0000,5,"5 - Atlântico, Trecho Leste","50 - RIOS VAZA-BARRIS,ITAPICURU E .",RIO JOANES,BAHIA,SÃO SEBASTIÃO DO PASSÉ,50,50750000,16,16295000,114,114,2017-12-15T10:00:00.000+0000,2024-05-30T20:00:00.000+0000,INEMA-BA,INEMA-BA,Fluviométrica,1,123638250 - AÇUDE JOANES II MONTANTE MONT.3,,False,False,False,S 12° 36' 20.88'',W 38° 25' 44.04'',15/12/2017 à 30/05/2024,,,0.0,238.0,,
"{'horEstacao': 123638250, 'horDataHora': '2021-06-10T10:00:00.000+0000'}",50903260,50903260,50903260,,AÇUDE JOANES II MONTANTE MONT.3,-12.6058,-38.4289,,2024-02-09T15:23:11.863+0000,5,"5 - Atlântico, Trecho Leste","50 - RIOS VAZA-BARRIS,ITAPICURU E .",RIO JOANES,BAHIA,SÃO SEBASTIÃO DO PASSÉ,50,50750000,16,16295000,114,114,2017-12-15T10:00:00.000+0000,2024-05-30T20:00:00.000+0000,INEMA-BA,INEMA-BA,Fluviométrica,1,123638250 - AÇUDE JOANES II MONTANTE MONT.3,,False,False,False,S 12° 36' 20.88'',W 38° 25' 44.04'',15/12/2017 à 30/05/2024,,,0.0,238.0,,
"{'horEstacao': 123638250, 'horDataHora': '2021-06-10T20:00:00.000+0000'}",50903260,50903260,50903260,,AÇUDE JOANES II MONTANTE MONT.3,-12.6058,-38.4289,,2024-02-09T15:23:11.863+0000,5,"5 - Atlântico, Trecho Leste","50 - RIOS VAZA-BARRIS,ITAPICURU E .",RIO JOANES,BAHIA,SÃO SEBASTIÃO DO PASSÉ,50,50750000,16,16295000,114,114,2017-12-15T10:00:00.000+0000,2024-05-30T20:00:00.000+0000,INEMA-BA,INEMA-BA,Fluviométrica,1,123638250 - AÇUDE JOANES II MONTANTE MONT.3,,False,False,False,S 12° 36' 20.88'',W 38° 25' 44.04'',15/12/2017 à 30/05/2024,,,0.0,238.0,,
"{'horEstacao': 123638250, 'horDataHora': '2021-06-11T10:00:00.000+0000'}",50903260,50903260,50903260,,AÇUDE JOANES II MONTANTE MONT.3,-12.6058,-38.4289,,2024-02-09T15:23:11.863+0000,5,"5 - Atlântico, Trecho Leste","50 - RIOS VAZA-BARRIS,ITAPICURU E .",RIO JOANES,BAHIA,SÃO SEBASTIÃO DO PASSÉ,50,50750000,16,16295000,114,114,2017-12-15T10:00:00.000+0000,2024-05-30T20:00:00.000+0000,INEMA-BA,INEMA-BA,Fluviométrica,1,123638250 - AÇUDE JOANES II MONTANTE MONT.3,,False,False,False,S 12° 36' 20.88'',W 38° 25' 44.04'',15/12/2017 à 30/05/2024,,,0.0,236.0,,
"{'horEstacao': 123638250, 'horDataHora': '2021-06-11T20:00:00.000+0000'}",50903260,50903260,50903260,,AÇUDE JOANES II MONTANTE MONT.3,-12.6058,-38.4289,,2024-02-09T15:23:11.863+0000,5,"5 - Atlântico, Trecho Leste","50 - RIOS VAZA-BARRIS,ITAPICURU E .",RIO JOANES,BAHIA,SÃO SEBASTIÃO DO PASSÉ,50,50750000,16,16295000,114,114,2017-12-15T10:00:00.000+0000,2024-05-30T20:00:00.000+0000,INEMA-BA,INEMA-BA,Fluviométrica,1,123638250 - AÇUDE JOANES II MONTANTE MONT.3,,False,False,False,S 12° 36' 20.88'',W 38° 25' 44.04'',15/12/2017 à 30/05/2024,,,0.0,236.0,,
"{'horEstacao': 123638250, 'horDataHora': '2021-06-12T10:00:00.000+0000'}",50903260,50903260,50903260,,AÇUDE JOANES II MONTANTE MONT.3,-12.6058,-38.4289,,2024-02-09T15:23:11.863+0000,5,"5 - Atlântico, Trecho Leste","50 - RIOS VAZA-BARRIS,ITAPICURU E .",RIO JOANES,BAHIA,SÃO SEBASTIÃO DO PASSÉ,50,50750000,16,16295000,114,114,2017-12-15T10:00:00.000+0000,2024-05-30T20:00:00.000+0000,INEMA-BA,INEMA-BA,Fluviométrica,1,123638250 - AÇUDE JOANES II MONTANTE MONT.3,,False,False,False,S 12° 36' 20.88'',W 38° 25' 44.04'',15/12/2017 à 30/05/2024,,,0.0,236.0,,
"{'horEstacao': 123638250, 'horDataHora': '2021-06-12T20:00:00.000+0000'}",50903260,50903260,50903260,,AÇUDE JOANES II MONTANTE MONT.3,-12.6058,-38.4289,,2024-02-09T15:23:11.863+0000,5,"5 - Atlântico, Trecho Leste","50 - RIOS VAZA-BARRIS,ITAPICURU E .",RIO JOANES,BAHIA,SÃO SEBASTIÃO DO PASSÉ,50,50750000,16,16295000,114,114,2017-12-15T10:00:00.000+0000,2024-05-30T20:00:00.000+0000,INEMA-BA,INEMA-BA,Fluviométrica,1,123638250 - AÇUDE JOANES II MONTANTE MONT.3,,False,False,False,S 12° 36' 20.88'',W 38° 25' 44.04'',15/12/2017 à 30/05/2024,,,0.0,236.0,,
"{'horEstacao': 123638250, 'horDataHora': '2021-06-13T10:00:00.000+0000'}",50903260,50903260,50903260,,AÇUDE JOANES II MONTANTE MONT.3,-12.6058,-38.4289,,2024-02-09T15:23:11.863+0000,5,"5 - Atlântico, Trecho Leste","50 - RIOS VAZA-BARRIS,ITAPICURU E .",RIO JOANES,BAHIA,SÃO SEBASTIÃO DO PASSÉ,50,50750000,16,16295000,114,114,2017-12-15T10:00:00.000+0000,2024-05-30T20:00:00.000+0000,INEMA-BA,INEMA-BA,Fluviométrica,1,123638250 - AÇUDE JOANES II MONTANTE MONT.3,,False,False,False,S 12° 36' 20.88'',W 38° 25' 44.04'',15/12/2017 à 30/05/2024,,,0.0,236.0,,
"{'horEstacao': 123638250, 'horDataHora': '2021-06-13T20:00:00.000+0000'}",50903260,50903260,50903260,,AÇUDE JOANES II MONTANTE MONT.3,-12.6058,-38.4289,,2024-02-09T15:23:11.863+0000,5,"5 - Atlântico, Trecho Leste","50 - RIOS VAZA-BARRIS,ITAPICURU E .",RIO JOANES,BAHIA,SÃO SEBASTIÃO DO PASSÉ,50,50750000,16,16295000,114,114,2017-12-15T10:00:00.000+0000,2024-05-30T20:00:00.000+0000,INEMA-BA,INEMA-BA,Fluviométrica,1,123638250 - AÇUDE JOANES II MONTANTE MONT.3,,False,False,False,S 12° 36' 20.88'',W 38° 25' 44.04'',15/12/2017 à 30/05/2024,,,0.0,248.0,,
"{'horEstacao': 123638250, 'horDataHora': '2021-06-14T10:00:00.000+0000'}",50903260,50903260,50903260,,AÇUDE JOANES II MONTANTE MONT.3,-12.6058,-38.4289,,2024-02-09T15:23:11.863+0000,5,"5 - Atlântico, Trecho Leste","50 - RIOS VAZA-BARRIS,ITAPICURU E .",RIO JOANES,BAHIA,SÃO SEBASTIÃO DO PASSÉ,50,50750000,16,16295000,114,114,2017-12-15T10:00:00.000+0000,2024-05-30T20:00:00.000+0000,INEMA-BA,INEMA-BA,Fluviométrica,1,123638250 - AÇUDE JOANES II MONTANTE MONT.3,,False,False,False,S 12° 36' 20.88'',W 38° 25' 44.04'',15/12/2017 à 30/05/2024,,,0.0,252.0,,
"{'horEstacao': 123638250, 'horDataHora': '2021-06-14T20:00:00.000+0000'}",50903260,50903260,50903260,,AÇUDE JOANES II MONTANTE MONT.3,-12.6058,-38.4289,,2024-02-09T15:23:11.863+0000,5,"5 - Atlântico, Trecho Leste","50 - RIOS VAZA-BARRIS,ITAPICURU E .",RIO JOANES,BAHIA,SÃO SEBASTIÃO DO PASSÉ,50,50750000,16,16295000,114,114,2017-12-15T10:00:00.000+0000,2024-05-30T20:00:00.000+0000,INEMA-BA,INEMA-BA,Fluviométrica,1,123638250 - AÇUDE JOANES II MONTANTE MONT.3,,False,False,False,S 12° 36' 20.88'',W 38° 25' 44.04'',15/12/2017 à 30/05/2024,,,0.0,250.0,,
"{'horEstacao': 123638250, 'horDataHora': '2021-06-15T10:00:00.000+0000'}",50903260,50903260,50903260,,AÇUDE JOANES II MONTANTE MONT.3,-12.6058,-38.4289,,2024-02-09T15:23:11.863+0000,5,"5 - Atlântico, Trecho Leste","50 - RIOS VAZA-BARRIS,ITAPICURU E .",RIO JOANES,BAHIA,SÃO SEBASTIÃO DO PASSÉ,50,50750000,16,16295000,114,114,2017-12-15T10:00:00.000+0000,2024-05-30T20:00:00.000+0000,INEMA-BA,INEMA-BA,Fluviométrica,1,123638250 - AÇUDE JOANES II MONTANTE MONT.3,,False,False,False,S 12° 36' 20.88'',W 38° 25' 44.04'',15/12/2017 à 30/05/2024,,,0.0,252.0,,
"{'horEstacao': 123638250, 'horDataHora': '2021-06-15T20:00:00.000+0000'}",50903260,50903260,50903260,,AÇUDE JOANES II MONTANTE MONT.3,-12.6058,-38.4289,,2024-02-09T15:23:11.863+0000,5,"5 - Atlântico, Trecho Leste","50 - RIOS VAZA-BARRIS,ITAPICURU E .",RIO JOANES,BAHIA,SÃO SEBASTIÃO DO PASSÉ,50,50750000,16,16295000,114,114,2017-12-15T10:00:00.000+0000,2024-05-30T20:00:00.000+0000,INEMA-BA,INEMA-BA,Fluviométrica,1,123638250 - AÇUDE JOANES II MONTANTE MONT.3,,False,False,False,S 12° 36' 20.88'',W 38° 25' 44.04'',15/12/2017 à 30/05/2024,,,0.0,250.0,,
"{'horEstacao': 123638250, 'horDataHora': '2021-06-16T10:00:00.000+0000'}",50903260,50903260,50903260,,AÇUDE JOANES II MONTANTE MONT.3,-12.6058,-38.4289,,2024-02-09T15:23:11.863+0000,5,"5 - Atlântico, Trecho Leste","50 - RIOS VAZA-BARRIS,ITAPICURU E .",RIO JOANES,BAHIA,SÃO SEBASTIÃO DO PASSÉ,50,50750000,16,16295000,114,114,2017-12-15T10:00:00.000+0000,2024-05-30T20:00:00.000+0000,INEMA-BA,INEMA-BA,Fluviométrica,1,123638250 - AÇUDE JOANES II MONTANTE MONT.3,,False,False,False,S 12° 36' 20.88'',W 38° 25' 44.04'',15/12/2017 à 30/05/2024,,,0.0,252.0,,
"{'horEstacao': 123638250, 'horDataHora': '2021-06-16T20:00:00.000+0000'}",50903260,50903260,50903260,,AÇUDE JOANES II MONTANTE MONT.3,-12.6058,-38.4289,,2024-02-09T15:23:11.863+0000,5,"5 - Atlântico, Trecho Leste","50 - RIOS VAZA-BARRIS,ITAPICURU E .",RIO JOANES,BAHIA,SÃO SEBASTIÃO DO PASSÉ,50,50750000,16,16295000,114,114,2017-12-15T10:00:00.000+0000,2024-05-30T20:00:00.000+0000,INEMA-BA,INEMA-BA,Fluviométrica,1,123638250 - AÇUDE JOANES II MONTANTE MONT.3,,False,False,False,S 12° 36' 20.88'',W 38° 25' 44.04'',15/12/2017 à 30/05/2024,,,0.0,252.0,,
"{'horEstacao': 123638250, 'horDataHora': '2021-06-17T10:00:00.000+0000'}",50903260,50903260,50903260,,AÇUDE JOANES II MONTANTE MONT.3,-12.6058,-38.4289,,2024-02-09T15:23:11.863+0000,5,"5 - Atlântico, Trecho Leste","50 - RIOS VAZA-BARRIS,ITAPICURU E .",RIO JOANES,BAHIA,SÃO SEBASTIÃO DO PASSÉ,50,50750000,16,16295000,114,114,2017-12-15T10:00:00.000+0000,2024-05-30T20:00:00.000+0000,INEMA-BA,INEMA-BA,Fluviométrica,1,123638250 - AÇUDE JOANES II MONTANTE MONT.3,,False,False,False,S 12° 36' 20.88'',W 38° 25' 44.04'',15/12/2017 à 30/05/2024,,,0.0,248.0,,
"{'horEstacao': 123638250, 'horDataHora': '2021-06-17T20:00:00.000+0000'}",50903260,50903260,50903260,,AÇUDE JOANES II MONTANTE MONT.3,-12.6058,-38.4289,,2024-02-09T15:23:11.863+0000,5,"5 - Atlântico, Trecho Leste","50 - RIOS VAZA-BARRIS,ITAPICURU E .",RIO JOANES,BAHIA,SÃO SEBASTIÃO DO PASSÉ,50,50750000,16,16295000,114,114,2017-12-15T10:00:00.000+0000,2024-05-30T20:00:00.000+0000,INEMA-BA,INEMA-BA,Fluviométrica,1,123638250 - AÇUDE JOANES II MONTANTE MONT.3,,False,False,False,S 12° 36' 20.88'',W 38° 25' 44.04'',15/12/2017 à 30/05/2024,,,0.0,248.0,,
"{'horEstacao': 123638250, 'horDataHora': '2021-06-18T10:00:00.000+0000'}",50903260,50903260,50903260,,AÇUDE JOANES II MONTANTE MONT.3,-12.6058,-38.4289,,2024-02-09T15:23:11.863+0000,5,"5 - Atlântico, Trecho Leste","50 - RIOS VAZA-BARRIS,ITAPICURU E .",RIO JOANES,BAHIA,SÃO SEBASTIÃO DO PASSÉ,50,50750000,16,16295000,114,114,2017-12-15T10:00:00.000+0000,2024-05-30T20:00:00.000+0000,INEMA-BA,INEMA-BA,Fluviométrica,1,123638250 - AÇUDE JOANES II MONTANTE MONT.3,,False,False,False,S 12° 36' 20.88'',W 38° 25' 44.04'',15/12/2017 à 30/05/2024,,,0.0,246.0,,
"{'horEstacao': 123638250, 'horDataHora': '2021-06-18T20:00:00.000+0000'}",50903260,50903260,50903260,,AÇUDE JOANES II MONTANTE MONT.3,-12.6058,-38.4289,,2024-02-09T15:23:11.863+0000,5,"5 - Atlântico, Trecho Leste","50 - RIOS VAZA-BARRIS,ITAPICURU E .",RIO JOANES,BAHIA,SÃO SEBASTIÃO DO PASSÉ,50,50750000,16,16295000,114,114,2017-12-15T10:00:00.000+0000,2024-05-30T20:00:00.000+0000,INEMA-BA,INEMA-BA,Fluviométrica,1,123638250 - AÇUDE JOANES II MONTANTE MONT.3,,False,False,False,S 12° 36' 20.88'',W 38° 25' 44.04'',15/12/2017 à 30/05/2024,,,0.0,246.0,,
"{'horEstacao': 123638250, 'horDataHora': '2021-06-19T10:00:00.000+0000'}",50903260,50903260,50903260,,AÇUDE JOANES II MONTANTE MONT.3,-12.6058,-38.4289,,2024-02-09T15:23:11.863+0000,5,"5 - Atlântico, Trecho Leste","50 - RIOS VAZA-BARRIS,ITAPICURU E .",RIO JOANES,BAHIA,SÃO SEBASTIÃO DO PASSÉ,50,50750000,16,16295000,114,114,2017-12-15T10:00:00.000+0000,2024-05-30T20:00:00.000+0000,INEMA-BA,INEMA-BA,Fluviométrica,1,123638250 - AÇUDE JOANES II MONTANTE MONT.3,,False,False,False,S 12° 36' 20.88'',W 38° 25' 44.04'',15/12/2017 à 30/05/2024,,,0.0,244.0,,
"{'horEstacao': 123638250, 'horDataHora': '2021-06-19T20:00:00.000+0000'}",50903260,50903260,50903260,,AÇUDE JOANES II MONTANTE MONT.3,-12.6058,-38.4289,,2024-02-09T15:23:11.863+0000,5,"5 - Atlântico, Trecho Leste","50 - RIOS VAZA-BARRIS,ITAPICURU E .",RIO JOANES,BAHIA,SÃO SEBASTIÃO DO PASSÉ,50,50750000,16,16295000,114,114,2017-12-15T10:00:00.000+0000,2024-05-30T20:00:00.000+0000,INEMA-BA,INEMA-BA,Fluviométrica,1,123638250 - AÇUDE JOANES II MONTANTE MONT.3,,False,False,False,S 12° 36' 20.88'',W 38° 25' 44.04'',15/12/2017 à 30/05/2024,,,0.0,244.0,,
"{'horEstacao': 123638250, 'horDataHora': '2021-06-20T10:00:00.000+0000'}",50903260,50903260,50903260,,AÇUDE JOANES II MONTANTE MONT.3,-12.6058,-38.4289,,2024-02-09T15:23:11.863+0000,5,"5 - Atlântico, Trecho Leste","50 - RIOS VAZA-BARRIS,ITAPICURU E .",RIO JOANES,BAHIA,SÃO SEBASTIÃO DO PASSÉ,50,50750000,16,16295000,114,114,2017-12-15T10:00:00.000+0000,2024-05-30T20:00:00.000+0000,INEMA-BA,INEMA-BA,Fluviométrica,1,123638250 - AÇUDE JOANES II MONTANTE MONT.3,,False,False,False,S 12° 36' 20.88'',W 38° 25' 44.04'',15/12/2017 à 30/05/2024,,,0.0,240.0,,
"{'horEstacao': 123638250, 'horDataHora': '2021-06-20T20:00:00.000+0000'}",50903260,50903260,50903260,,AÇUDE JOANES II MONTANTE MONT.3,-12.6058,-38.4289,,2024-02-09T15:23:11.863+0000,5,"5 - Atlântico, Trecho Leste","50 - RIOS VAZA-BARRIS,ITAPICURU E .",RIO JOANES,BAHIA,SÃO SEBASTIÃO DO PASSÉ,50,50750000,16,16295000,114,114,2017-12-15T10:00:00.000+0000,2024-05-30T20:00:00.000+0000,INEMA-BA,INEMA-BA,Fluviométrica,1,123638250 - AÇUDE JOANES II MONTANTE MONT.3,,False,False,False,S 12° 36' 20.88'',W 38° 25' 44.04'',15/12/2017 à 30/05/2024,,,0.0,240.0,,
"{'horEstacao': 123638250, 'horDataHora': '2021-06-21T10:00:00.000+0000'}",50903260,50903260,50903260,,AÇUDE JOANES II MONTANTE MONT.3,-12.6058,-38.4289,,2024-02-09T15:23:11.863+0000,5,"5 - Atlântico, Trecho Leste","50 - RIOS VAZA-BARRIS,ITAPICURU E .",RIO JOANES,BAHIA,SÃO SEBASTIÃO DO PASSÉ,50,50750000,16,16295000,114,114,2017-12-15T10:00:00.000+0000,2024-05-30T20:00:00.000+0000,INEMA-BA,INEMA-BA,Fluviométrica,1,123638250 - AÇUDE JOANES II MONTANTE MONT.3,,False,False,False,S 12° 36' 20.88'',W 38° 25' 44.04'',15/12/2017 à 30/05/2024,,,0.0,238.0,,
"{'horEstacao': 123638250, 'horDataHora': '2021-06-21T20:00:00.000+0000'}",50903260,50903260,50903260,,AÇUDE JOANES II MONTANTE MONT.3,-12.6058,-38.4289,,2024-02-09T15:23:11.863+0000,5,"5 - Atlântico, Trecho Leste","50 - RIOS VAZA-BARRIS,ITAPICURU E .",RIO JOANES,BAHIA,SÃO SEBASTIÃO DO PASSÉ,50,50750000,16,16295000,114,114,2017-12-15T10:00:00.000+0000,2024-05-30T20:00:00.000+0000,INEMA-BA,INEMA-BA,Fluviométrica,1,123638250 - AÇUDE JOANES II MONTANTE MONT.3,,False,False,False,S 12° 36' 20.88'',W 38° 25' 44.04'',15/12/2017 à 30/05/2024,,,0.0,246.0,,
"{'horEstacao': 123638250, 'horDataHora': '2021-06-22T10:00:00.000+0000'}",50903260,50903260,50903260,,AÇUDE JOANES II MONTANTE MONT.3,-12.6058,-38.4289,,2024-02-09T15:23:11.863+0000,5,"5 - Atlântico, Trecho Leste","50 - RIOS VAZA-BARRIS,ITAPICURU E .",RIO JOANES,BAHIA,SÃO SEBASTIÃO DO PASSÉ,50,50750000,16,16295000,114,114,2017-12-15T10:00:00.000+0000,2024-05-30T20:00:00.000+0000,INEMA-BA,INEMA-BA,Fluviométrica,1,123638250 - AÇUDE JOANES II MONTANTE MONT.3,,False,False,False,S 12° 36' 20.88'',W 38° 25' 44.04'',15/12/2017 à 30/05/2024,,,0.0,252.0,,
"{'horEstacao': 123638250, 'horDataHora': '2021-06-22T20:00:00.000+0000'}",50903260,50903260,50903260,,AÇUDE JOANES II MONTANTE MONT.3,-12.6058,-38.4289,,2024-02-09T15:23:11.863+0000,5,"5 - Atlântico, Trecho Leste","50 - RIOS VAZA-BARRIS,ITAPICURU E .",RIO JOANES,BAHIA,SÃO SEBASTIÃO DO PASSÉ,50,50750000,16,16295000,114,114,2017-12-15T10:00:00.000+0000,2024-05-30T20:00:00.000+0000,INEMA-BA,INEMA-BA,Fluviométrica,1,123638250 - AÇUDE JOANES II MONTANTE MONT.3,,False,False,False,S 12° 36' 20.88'',W 38° 25' 44.04'',15/12/2017 à 30/05/2024,,,0.0,252.0,,
"{'horEstacao': 123638250, 'horDataHora': '2021-06-23T10:00:00.000+0000'}",50903260,50903260,50903260,,AÇUDE JOANES II MONTANTE MONT.3,-12.6058,-38.4289,,2024-02-09T15:23:11.863+0000,5,"5 - Atlântico, Trecho Leste","50 - RIOS VAZA-BARRIS,ITAPICURU E .",RIO JOANES,BAHIA,SÃO SEBASTIÃO DO PASSÉ,50,50750000,16,16295000,114,114,2017-12-15T10:00:00.000+0000,2024-05-30T20:00:00.000+0000,INEMA-BA,INEMA-BA,Fluviométrica,1,123638250 - AÇUDE JOANES II MONTANTE MONT.3,,False,False,False,S 12° 36' 20.88'',W 38° 25' 44.04'',15/12/2017 à 30/05/2024,,,0.0,248.0,,
"{'horEstacao': 123638250, 'horDataHora': '2021-06-23T20:00:00.000+0000'}",50903260,50903260,50903260,,AÇUDE JOANES II MONTANTE MONT.3,-12.6058,-38.4289,,2024-02-09T15:23:11.863+0000,5,"5 - Atlântico, Trecho Leste","50 - RIOS VAZA-BARRIS,ITAPICURU E .",RIO JOANES,BAHIA,SÃO SEBASTIÃO DO PASSÉ,50,50750000,16,16295000,114,114,2017-12-15T10:00:00.000+0000,2024-05-30T20:00:00.000+0000,INEMA-BA,INEMA-BA,Fluviométrica,1,123638250 - AÇUDE JOANES II MONTANTE MONT.3,,False,False,False,S 12° 36' 20.88'',W 38° 25' 44.04'',15/12/2017 à 30/05/2024,,,0.0,254.0,,
"{'horEstacao': 123638250, 'horDataHora': '2021-06-24T10:00:00.000+0000'}",50903260,50903260,50903260,,AÇUDE JOANES II MONTANTE MONT.3,-12.6058,-38.4289,,2024-02-09T15:23:11.863+0000,5,"5 - Atlântico, Trecho Leste","50 - RIOS VAZA-BARRIS,ITAPICURU E .",RIO JOANES,BAHIA,SÃO SEBASTIÃO DO PASSÉ,50,50750000,16,16295000,114,114,2017-12-15T10:00:00.000+0000,2024-05-30T20:00:00.000+0000,INEMA-BA,INEMA-BA,Fluviométrica,1,123638250 - AÇUDE JOANES II MONTANTE MONT.3,,False,False,False,S 12° 36' 20.88'',W 38° 25' 44.04'',15/12/2017 à 30/05/2024,,,0.0,258.0,,
"{'horEstacao': 123638250, 'horDataHora': '2021-06-24T20:00:00.000+0000'}",50903260,50903260,50903260,,AÇUDE JOANES II MONTANTE MONT.3,-12.6058,-38.4289,,2024-02-09T15:23:11.863+0000,5,"5 - Atlântico, Trecho Leste","50 - RIOS VAZA-BARRIS,ITAPICURU E .",RIO JOANES,BAHIA,SÃO SEBASTIÃO DO PASSÉ,50,50750000,16,16295000,114,114,2017-12-15T10:00:00.000+0000,2024-05-30T20:00:00.000+0000,INEMA-BA,INEMA-BA,Fluviométrica,1,123638250 - AÇUDE JOANES II MONTANTE MONT.3,,False,False,False,S 12° 36' 20.88'',W 38° 25' 44.04'',15/12/2017 à 30/05/2024,,,0.0,258.0,,
"{'horEstacao': 123638250, 'horDataHora': '2021-06-25T10:00:00.000+0000'}",50903260,50903260,50903260,,AÇUDE JOANES II MONTANTE MONT.3,-12.6058,-38.4289,,2024-02-09T15:23:11.863+0000,5,"5 - Atlântico, Trecho Leste","50 - RIOS VAZA-BARRIS,ITAPICURU E .",RIO JOANES,BAHIA,SÃO SEBASTIÃO DO PASSÉ,50,50750000,16,16295000,114,114,2017-12-15T10:00:00.000+0000,2024-05-30T20:00:00.000+0000,INEMA-BA,INEMA-BA,Fluviométrica,1,123638250 - AÇUDE JOANES II MONTANTE MONT.3,,False,False,False,S 12° 36' 20.88'',W 38° 25' 44.04'',15/12/2017 à 30/05/2024,,,0.0,256.0,,
"{'horEstacao': 123638250, 'horDataHora': '2021-06-25T20:00:00.000+0000'}",50903260,50903260,50903260,,AÇUDE JOANES II MONTANTE MONT.3,-12.6058,-38.4289,,2024-02-09T15:23:11.863+0000,5,"5 - Atlântico, Trecho Leste","50 - RIOS VAZA-BARRIS,ITAPICURU E .",RIO JOANES,BAHIA,SÃO SEBASTIÃO DO PASSÉ,50,50750000,16,16295000,114,114,2017-12-15T10:00:00.000+0000,2024-05-30T20:00:00.000+0000,INEMA-BA,INEMA-BA,Fluviométrica,1,123638250 - AÇUDE JOANES II MONTANTE MONT.3,,False,False,False,S 12° 36' 20.88'',W 38° 25' 44.04'',15/12/2017 à 30/05/2024,,,0.0,254.0,,
"{'horEstacao': 123638250, 'horDataHora': '2021-06-26T10:00:00.000+0000'}",50903260,50903260,50903260,,AÇUDE JOANES II MONTANTE MONT.3,-12.6058,-38.4289,,2024-02-09T15:23:11.863+0000,5,"5 - Atlântico, Trecho Leste","50 - RIOS VAZA-BARRIS,ITAPICURU E .",RIO JOANES,BAHIA,SÃO SEBASTIÃO DO PASSÉ,50,50750000,16,16295000,114,114,2017-12-15T10:00:00.000+0000,2024-05-30T20:00:00.000+0000,INEMA-BA,INEMA-BA,Fluviométrica,1,123638250 - AÇUDE JOANES II MONTANTE MONT.3,,False,False,False,S 12° 36' 20.88'',W 38° 25' 44.04'',15/12/2017 à 30/05/2024,,,0.0,252.0,,
"{'horEstacao': 123638250, 'horDataHora': '2021-06-26T20:00:00.000+0000'}",50903260,50903260,50903260,,AÇUDE JOANES II MONTANTE MONT.3,-12.6058,-38.4289,,2024-02-09T15:23:11.863+0000,5,"5 - Atlântico, Trecho Leste","50 - RIOS VAZA-BARRIS,ITAPICURU E .",RIO JOANES,BAHIA,SÃO SEBASTIÃO DO PASSÉ,50,50750000,16,16295000,114,114,2017-12-15T10:00:00.000+0000,2024-05-30T20:00:00.000+0000,INEMA-BA,INEMA-BA,Fluviométrica,1,123638250 - AÇUDE JOANES II MONTANTE MONT.3,,False,False,False,S 12° 36' 20.88'',W 38° 25' 44.04'',15/12/2017 à 30/05/2024,,,0.0,252.0,,
"{'horEstacao': 123638250, 'horDataHora': '2021-06-27T10:00:00.000+0000'}",50903260,50903260,50903260,,AÇUDE JOANES II MONTANTE MONT.3,-12.6058,-38.4289,,2024-02-09T15:23:11.863+0000,5,"5 - Atlântico, Trecho Leste","50 - RIOS VAZA-BARRIS,ITAPICURU E .",RIO JOANES,BAHIA,SÃO SEBASTIÃO DO PASSÉ,50,50750000,16,16295000,114,114,2017-12-15T10:00:00.000+0000,2024-05-30T20:00:00.000+0000,INEMA-BA,INEMA-BA,Fluviométrica,1,123638250 - AÇUDE JOANES II MONTANTE MONT.3,,False,False,False,S 12° 36' 20.88'',W 38° 25' 44.04'',15/12/2017 à 30/05/2024,,,0.0,250.0,,
"{'horEstacao': 123638250, 'horDataHora': '2021-06-27T20:00:00.000+0000'}",50903260,50903260,50903260,,AÇUDE JOANES II MONTANTE MONT.3,-12.6058,-38.4289,,2024-02-09T15:23:11.863+0000,5,"5 - Atlântico, Trecho Leste","50 - RIOS VAZA-BARRIS,ITAPICURU E .",RIO JOANES,BAHIA,SÃO SEBASTIÃO DO PASSÉ,50,50750000,16,16295000,114,114,2017-12-15T10:00:00.000+0000,2024-05-30T20:00:00.000+0000,INEMA-BA,INEMA-BA,Fluviométrica,1,123638250 - AÇUDE JOANES II MONTANTE MONT.3,,False,False,False,S 12° 36' 20.88'',W 38° 25' 44.04'',15/12/2017 à 30/05/2024,,,0.0,249.0,,
"{'horEstacao': 123638250, 'horDataHora': '2021-06-28T10:00:00.000+0000'}",50903260,50903260,50903260,,AÇUDE JOANES II MONTANTE MONT.3,-12.6058,-38.4289,,2024-02-09T15:23:11.863+0000,5,"5 - Atlântico, Trecho Leste","50 - RIOS VAZA-BARRIS,ITAPICURU E .",RIO JOANES,BAHIA,SÃO SEBASTIÃO DO PASSÉ,50,50750000,16,16295000,114,114,2017-12-15T10:00:00.000+0000,2024-05-30T20:00:00.000+0000,INEMA-BA,INEMA-BA,Fluviométrica,1,123638250 - AÇUDE JOANES II MONTANTE MONT.3,,False,False,False,S 12° 36' 20.88'',W 38° 25' 44.04'',15/12/2017 à 30/05/2024,,,0.0,248.0,,
"{'horEstacao': 123638250, 'horDataHora': '2021-06-28T20:00:00.000+0000'}",50903260,50903260,50903260,,AÇUDE JOANES II MONTANTE MONT.3,-12.6058,-38.4289,,2024-02-09T15:23:11.863+0000,5,"5 - Atlântico, Trecho Leste","50 - RIOS VAZA-BARRIS,ITAPICURU E .",RIO JOANES,BAHIA,SÃO SEBASTIÃO DO PASSÉ,50,50750000,16,16295000,114,114,2017-12-15T10:00:00.000+0000,2024-05-30T20:00:00.000+0000,INEMA-BA,INEMA-BA,Fluviométrica,1,123638250 - AÇUDE JOANES II MONTANTE MONT.3,,False,False,False,S 12° 36' 20.88'',W 38° 25' 44.04'',15/12/2017 à 30/05/2024,,,0.0,248.0,,
"{'horEstacao': 123638250, 'horDataHora': '2021-06-29T10:00:00.000+0000'}",50903260,50903260,50903260,,AÇUDE JOANES II MONTANTE MONT.3,-12.6058,-38.4289,,2024-02-09T15:23:11.863+0000,5,"5 - Atlântico, Trecho Leste","50 - RIOS VAZA-BARRIS,ITAPICURU E .",RIO JOANES,BAHIA,SÃO SEBASTIÃO DO PASSÉ,50,50750000,16,16295000,114,114,2017-12-15T10:00:00.000+0000,2024-05-30T20:00:00.000+0000,INEMA-BA,INEMA-BA,Fluviométrica,1,123638250 - AÇUDE JOANES II MONTANTE MONT.3,,False,False,False,S 12° 36' 20.88'',W 38° 25' 44.04'',15/12/2017 à 30/05/2024,,,0.0,248.0,,
"{'horEstacao': 123638250, 'horDataHora': '2021-06-29T20:00:00.000+0000'}",50903260,50903260,50903260,,AÇUDE JOANES II MONTANTE MONT.3,-12.6058,-38.4289,,2024-02-09T15:23:11.863+0000,5,"5 - Atlântico, Trecho Leste","50 - RIOS VAZA-BARRIS,ITAPICURU E .",RIO JOANES,BAHIA,SÃO SEBASTIÃO DO PASSÉ,50,50750000,16,16295000,114,114,2017-12-15T10:00:00.000+0000,2024-05-30T20:00:00.000+0000,INEMA-BA,INEMA-BA,Fluviométrica,1,123638250 - AÇUDE JOANES II MONTANTE MONT.3,,False,False,False,S 12° 36' 20.88'',W 38° 25' 44.04'',15/12/2017 à 30/05/2024,,,0.0,248.0,,
"{'horEstacao': 123638250, 'horDataHora': '2021-06-30T10:00:00.000+0000'}",50903260,50903260,50903260,,AÇUDE JOANES II MONTANTE MONT.3,-12.6058,-38.4289,,2024-02-09T15:23:11.863+0000,5,"5 - Atlântico, Trecho Leste","50 - RIOS VAZA-BARRIS,ITAPICURU E .",RIO JOANES,BAHIA,SÃO SEBASTIÃO DO PASSÉ,50,50750000,16,16295000,114,114,2017-12-15T10:00:00.000+0000,2024-05-30T20:00:00.000+0000,INEMA-BA,INEMA-BA,Fluviométrica,1,123638250 - AÇUDE JOANES II MONTANTE MONT.3,,False,False,False,S 12° 36' 20.88'',W 38° 25' 44.04'',15/12/2017 à 30/05/2024,,,0.0,248.0,,
"{'horEstacao': 123638250, 'horDataHora': '2021-06-30T20:00:00.000+0000'}",50903260,50903260,50903260,,AÇUDE JOANES II MONTANTE MONT.3,-12.6058,-38.4289,,2024-02-09T15:23:11.863+0000,5,"5 - Atlântico, Trecho Leste","50 - RIOS VAZA-BARRIS,ITAPICURU E .",RIO JOANES,BAHIA,SÃO SEBASTIÃO DO PASSÉ,50,50750000,16,16295000,114,114,2017-12-15T10:00:00.000+0000,2024-05-30T20:00:00.000+0000,INEMA-BA,INEMA-BA,Fluviométrica,1,123638250 - AÇUDE JOANES II MONTANTE MONT.3,,False,False,False,S 12° 36' 20.88'',W 38° 25' 44.04'',15/12/2017 à 30/05/2024,,,0.0,248.0,,
"{'horEstacao': 123638250, 'horDataHora': '2021-07-01T10:00:00.000+0000'}",50903260,50903260,50903260,,AÇUDE JOANES II MONTANTE MONT.3,-12.6058,-38.4289,,2024-02-09T15:23:11.863+0000,5,"5 - Atlântico, Trecho Leste","50 - RIOS VAZA-BARRIS,ITAPICURU E .",RIO JOANES,BAHIA,SÃO SEBASTIÃO DO PASSÉ,50,50750000,16,16295000,114,114,2017-12-15T10:00:00.000+0000,2024-05-30T20:00:00.000+0000,INEMA-BA,INEMA-BA,Fluviométrica,1,123638250 - AÇUDE JOANES II MONTANTE MONT.3,,False,False,False,S 12° 36' 20.88'',W 38° 25' 44.04'',15/12/2017 à 30/05/2024,,,0.0,246.0,,
"{'horEstacao': 123638250, 'horDataHora': '2021-07-01T20:00:00.000+0000'}",50903260,50903260,50903260,,AÇUDE JOANES II MONTANTE MONT.3,-12.6058,-38.4289,,2024-02-09T15:23:11.863+0000,5,"5 - Atlântico, Trecho Leste","50 - RIOS VAZA-BARRIS,ITAPICURU E .",RIO JOANES,BAHIA,SÃO SEBASTIÃO DO PASSÉ,50,50750000,16,16295000,114,114,2017-12-15T10:00:00.000+0000,2024-05-30T20:00:00.000+0000,INEMA-BA,INEMA-BA,Fluviométrica,1,123638250 - AÇUDE JOANES II MONTANTE MONT.3,,False,False,False,S 12° 36' 20.88'',W 38° 25' 44.04'',15/12/2017 à 30/05/2024,,,0.0,246.0,,
"{'horEstacao': 123638250, 'horDataHora': '2021-07-02T10:00:00.000+0000'}",50903260,50903260,50903260,,AÇUDE JOANES II MONTANTE MONT.3,-12.6058,-38.4289,,2024-02-09T15:23:11.863+0000,5,"5 - Atlântico, Trecho Leste","50 - RIOS VAZA-BARRIS,ITAPICURU E .",RIO JOANES,BAHIA,SÃO SEBASTIÃO DO PASSÉ,50,50750000,16,16295000,114,114,2017-12-15T10:00:00.000+0000,2024-05-30T20:00:00.000+0000,INEMA-BA,INEMA-BA,Fluviométrica,1,123638250 - AÇUDE JOANES II MONTANTE MONT.3,,False,False,False,S 12° 36' 20.88'',W 38° 25' 44.04'',15/12/2017 à 30/05/2024,,,0.0,246.0,,
"{'horEstacao': 123638250, 'horDataHora': '2021-07-02T20:00:00.000+0000'}",50903260,50903260,50903260,,AÇUDE JOANES II MONTANTE MONT.3,-12.6058,-38.4289,,2024-02-09T15:23:11.863+0000,5,"5 - Atlântico, Trecho Leste","50 - RIOS VAZA-BARRIS,ITAPICURU E .",RIO JOANES,BAHIA,SÃO SEBASTIÃO DO PASSÉ,50,50750000,16,16295000,114,114,2017-12-15T10:00:00.000+0000,2024-05-30T20:00:00.000+0000,INEMA-BA,INEMA-BA,Fluviométrica,1,123638250 - AÇUDE JOANES II MONTANTE MONT.3,,False,False,False,S 12° 36' 20.88'',W 38° 25' 44.04'',15/12/2017 à 30/05/2024,,,0.0,250.0,,
"{'horEstacao': 123638250, 'horDataHora': '2021-07-03T10:00:00.000+0000'}",50903260,50903260,50903260,,AÇUDE JOANES II MONTANTE MONT.3,-12.6058,-38.4289,,2024-02-09T15:23:11.863+0000,5,"5 - Atlântico, Trecho Leste","50 - RIOS VAZA-BARRIS,ITAPICURU E .",RIO JOANES,BAHIA,SÃO SEBASTIÃO DO PASSÉ,50,50750000,16,16295000,114,114,2017-12-15T10:00:00.000+0000,2024-05-30T20:00:00.000+0000,INEMA-BA,INEMA-BA,Fluviométrica,1,123638250 - AÇUDE JOANES II MONTANTE MONT.3,,False,False,False,S 12° 36' 20.88'',W 38° 25' 44.04'',15/12/2017 à 30/05/2024,,,0.0,264.0,,
"{'horEstacao': 123638250, 'horDataHora': '2021-07-03T20:00:00.000+0000'}",50903260,50903260,50903260,,AÇUDE JOANES II MONTANTE MONT.3,-12.6058,-38.4289,,2024-02-09T15:23:11.863+0000,5,"5 - Atlântico, Trecho Leste","50 - RIOS VAZA-BARRIS,ITAPICURU E .",RIO JOANES,BAHIA,SÃO SEBASTIÃO DO PASSÉ,50,50750000,16,16295000,114,114,2017-12-15T10:00:00.000+0000,2024-05-30T20:00:00.000+0000,INEMA-BA,INEMA-BA,Fluviométrica,1,123638250 - AÇUDE JOANES II MONTANTE MONT.3,,False,False,False,S 12° 36' 20.88'',W 38° 25' 44.04'',15/12/2017 à 30/05/2024,,,0.0,264.0,,
"{'horEstacao': 123638250, 'horDataHora': '2021-07-04T10:00:00.000+0000'}",50903260,50903260,50903260,,AÇUDE JOANES II MONTANTE MONT.3,-12.6058,-38.4289,,2024-02-09T15:23:11.863+0000,5,"5 - Atlântico, Trecho Leste","50 - RIOS VAZA-BARRIS,ITAPICURU E .",RIO JOANES,BAHIA,SÃO SEBASTIÃO DO PASSÉ,50,50750000,16,16295000,114,114,2017-12-15T10:00:00.000+0000,2024-05-30T20:00:00.000+0000,INEMA-BA,INEMA-BA,Fluviométrica,1,123638250 - AÇUDE JOANES II MONTANTE MONT.3,,False,False,False,S 12° 36' 20.88'',W 38° 25' 44.04'',15/12/2017 à 30/05/2024,,,0.0,276.0,,
"{'horEstacao': 123638250, 'horDataHora': '2021-07-04T20:00:00.000+0000'}",50903260,50903260,50903260,,AÇUDE JOANES II MONTANTE MONT.3,-12.6058,-38.4289,,2024-02-09T15:23:11.863+0000,5,"5 - Atlântico, Trecho Leste","50 - RIOS VAZA-BARRIS,ITAPICURU E .",RIO JOANES,BAHIA,SÃO SEBASTIÃO DO PASSÉ,50,50750000,16,16295000,114,114,2017-12-15T10:00:00.000+0000,2024-05-30T20:00:00.000+0000,INEMA-BA,INEMA-BA,Fluviométrica,1,123638250 - AÇUDE JOANES II MONTANTE MONT.3,,False,False,False,S 12° 36' 20.88'',W 38° 25' 44.04'',15/12/2017 à 30/05/2024,,,0.0,284.0,,
"{'horEstacao': 123638250, 'horDataHora': '2021-07-05T10:00:00.000+0000'}",50903260,50903260,50903260,,AÇUDE JOANES II MONTANTE MONT.3,-12.6058,-38.4289,,2024-02-09T15:23:11.863+0000,5,"5 - Atlântico, Trecho Leste","50 - RIOS VAZA-BARRIS,ITAPICURU E .",RIO JOANES,BAHIA,SÃO SEBASTIÃO DO PASSÉ,50,50750000,16,16295000,114,114,2017-12-15T10:00:00.000+0000,2024-05-30T20:00:00.000+0000,INEMA-BA,INEMA-BA,Fluviométrica,1,123638250 - AÇUDE JOANES II MONTANTE MONT.3,,False,False,False,S 12° 36' 20.88'',W 38° 25' 44.04'',15/12/2017 à 30/05/2024,,,0.0,280.0,,
"{'horEstacao': 123638250, 'horDataHora': '2021-07-05T20:00:00.000+0000'}",50903260,50903260,50903260,,AÇUDE JOANES II MONTANTE MONT.3,-12.6058,-38.4289,,2024-02-09T15:23:11.863+0000,5,"5 - Atlântico, Trecho Leste","50 - RIOS VAZA-BARRIS,ITAPICURU E .",RIO JOANES,BAHIA,SÃO SEBASTIÃO DO PASSÉ,50,50750000,16,16295000,114,114,2017-12-15T10:00:00.000+0000,2024-05-30T20:00:00.000+0000,INEMA-BA,INEMA-BA,Fluviométrica,1,123638250 - AÇUDE JOANES II MONTANTE MONT.3,,False,False,False,S 12° 36' 20.88'',W 38° 25' 44.04'',15/12/2017 à 30/05/2024,,,0.0,270.0,,
"{'horEstacao': 123638250, 'horDataHora': '2021-07-06T10:00:00.000+0000'}",50903260,50903260,50903260,,AÇUDE JOANES II MONTANTE MONT.3,-12.6058,-38.4289,,2024-02-09T15:23:11.863+0000,5,"5 - Atlântico, Trecho Leste","50 - RIOS VAZA-BARRIS,ITAPICURU E .",RIO JOANES,BAHIA,SÃO SEBASTIÃO DO PASSÉ,50,50750000,16,16295000,114,114,2017-12-15T10:00:00.000+0000,2024-05-30T20:00:00.000+0000,INEMA-BA,INEMA-BA,Fluviométrica,1,123638250 - AÇUDE JOANES II MONTANTE MONT.3,,False,False,False,S 12° 36' 20.88'',W 38° 25' 44.04'',15/12/2017 à 30/05/2024,,,0.0,264.0,,
"{'horEstacao': 123638250, 'horDataHora': '2021-07-06T20:00:00.000+0000'}",50903260,50903260,50903260,,AÇUDE JOANES II MONTANTE MONT.3,-12.6058,-38.4289,,2024-02-09T15:23:11.863+0000,5,"5 - Atlântico, Trecho Leste","50 - RIOS VAZA-BARRIS,ITAPICURU E .",RIO JOANES,BAHIA,SÃO SEBASTIÃO DO PASSÉ,50,50750000,16,16295000,114,114,2017-12-15T10:00:00.000+0000,2024-05-30T20:00:00.000+0000,INEMA-BA,INEMA-BA,Fluviométrica,1,123638250 - AÇUDE JOANES II MONTANTE MONT.3,,False,False,False,S 12° 36' 20.88'',W 38° 25' 44.04'',15/12/2017 à 30/05/2024,,,0.0,264.0,,
"{'horEstacao': 123638250, 'horDataHora': '2021-07-07T10:00:00.000+0000'}",50903260,50903260,50903260,,AÇUDE JOANES II MONTANTE MONT.3,-12.6058,-38.4289,,2024-02-09T15:23:11.863+0000,5,"5 - Atlântico, Trecho Leste","50 - RIOS VAZA-BARRIS,ITAPICURU E .",RIO JOANES,BAHIA,SÃO SEBASTIÃO DO PASSÉ,50,50750000,16,16295000,114,114,2017-12-15T10:00:00.000+0000,2024-05-30T20:00:00.000+0000,INEMA-BA,INEMA-BA,Fluviométrica,1,123638250 - AÇUDE JOANES II MONTANTE MONT.3,,False,False,False,S 12° 36' 20.88'',W 38° 25' 44.04'',15/12/2017 à 30/05/2024,,,0.0,272.0,,
"{'horEstacao': 123638250, 'horDataHora': '2021-07-07T20:00:00.000+0000'}",50903260,50903260,50903260,,AÇUDE JOANES II MONTANTE MONT.3,-12.6058,-38.4289,,2024-02-09T15:23:11.863+0000,5,"5 - Atlântico, Trecho Leste","50 - RIOS VAZA-BARRIS,ITAPICURU E .",RIO JOANES,BAHIA,SÃO SEBASTIÃO DO PASSÉ,50,50750000,16,16295000,114,114,2017-12-15T10:00:00.000+0000,2024-05-30T20:00:00.000+0000,INEMA-BA,INEMA-BA,Fluviométrica,1,123638250 - AÇUDE JOANES II MONTANTE MONT.3,,False,False,False,S 12° 36' 20.88'',W 38° 25' 44.04'',15/12/2017 à 30/05/2024,,,0.0,282.0,,
"{'horEstacao': 123638250, 'horDataHora': '2021-07-08T10:00:00.000+0000'}",50903260,50903260,50903260,,AÇUDE JOANES II MONTANTE MONT.3,-12.6058,-38.4289,,2024-02-09T15:23:11.863+0000,5,"5 - Atlântico, Trecho Leste","50 - RIOS VAZA-BARRIS,ITAPICURU E .",RIO JOANES,BAHIA,SÃO SEBASTIÃO DO PASSÉ,50,50750000,16,16295000,114,114,2017-12-15T10:00:00.000+0000,2024-05-30T20:00:00.000+0000,INEMA-BA,INEMA-BA,Fluviométrica,1,123638250 - AÇUDE JOANES II MONTANTE MONT.3,,False,False,False,S 12° 36' 20.88'',W 38° 25' 44.04'',15/12/2017 à 30/05/2024,,,0.0,382.0,,
"{'horEstacao': 123638250, 'horDataHora': '2021-07-08T20:00:00.000+0000'}",50903260,50903260,50903260,,AÇUDE JOANES II MONTANTE MONT.3,-12.6058,-38.4289,,2024-02-09T15:23:11.863+0000,5,"5 - Atlântico, Trecho Leste","50 - RIOS VAZA-BARRIS,ITAPICURU E .",RIO JOANES,BAHIA,SÃO SEBASTIÃO DO PASSÉ,50,50750000,16,16295000,114,114,2017-12-15T10:00:00.000+0000,2024-05-30T20:00:00.000+0000,INEMA-BA,INEMA-BA,Fluviométrica,1,123638250 - AÇUDE JOANES II MONTANTE MONT.3,,False,False,False,S 12° 36' 20.88'',W 38° 25' 44.04'',15/12/2017 à 30/05/2024,,,0.0,398.0,,
"{'horEstacao': 123638250, 'horDataHora': '2021-07-09T10:00:00.000+0000'}",50903260,50903260,50903260,,AÇUDE JOANES II MONTANTE MONT.3,-12.6058,-38.4289,,2024-02-09T15:23:11.863+0000,5,"5 - Atlântico, Trecho Leste","50 - RIOS VAZA-BARRIS,ITAPICURU E .",RIO JOANES,BAHIA,SÃO SEBASTIÃO DO PASSÉ,50,50750000,16,16295000,114,114,2017-12-15T10:00:00.000+0000,2024-05-30T20:00:00.000+0000,INEMA-BA,INEMA-BA,Fluviométrica,1,123638250 - AÇUDE JOANES II MONTANTE MONT.3,,False,False,False,S 12° 36' 20.88'',W 38° 25' 44.04'',15/12/2017 à 30/05/2024,,,0.0,368.0,,
"{'horEstacao': 123638250, 'horDataHora': '2021-07-09T20:00:00.000+0000'}",50903260,50903260,50903260,,AÇUDE JOANES II MONTANTE MONT.3,-12.6058,-38.4289,,2024-02-09T15:23:11.863+0000,5,"5 - Atlântico, Trecho Leste","50 - RIOS VAZA-BARRIS,ITAPICURU E .",RIO JOANES,BAHIA,SÃO SEBASTIÃO DO PASSÉ,50,50750000,16,16295000,114,114,2017-12-15T10:00:00.000+0000,2024-05-30T20:00:00.000+0000,INEMA-BA,INEMA-BA,Fluviométrica,1,123638250 - AÇUDE JOANES II MONTANTE MONT.3,,False,False,False,S 12° 36' 20.88'',W 38° 25' 44.04'',15/12/2017 à 30/05/2024,,,0.0,348.0,,
"{'horEstacao': 123638250, 'horDataHora': '2021-07-10T10:00:00.000+0000'}",50903260,50903260,50903260,,AÇUDE JOANES II MONTANTE MONT.3,-12.6058,-38.4289,,2024-02-09T15:23:11.863+0000,5,"5 - Atlântico, Trecho Leste","50 - RIOS VAZA-BARRIS,ITAPICURU E .",RIO JOANES,BAHIA,SÃO SEBASTIÃO DO PASSÉ,50,50750000,16,16295000,114,114,2017-12-15T10:00:00.000+0000,2024-05-30T20:00:00.000+0000,INEMA-BA,INEMA-BA,Fluviométrica,1,123638250 - AÇUDE JOANES II MONTANTE MONT.3,,False,False,False,S 12° 36' 20.88'',W 38° 25' 44.04'',15/12/2017 à 30/05/2024,,,0.0,310.0,,
"{'horEstacao': 123638250, 'horDataHora': '2021-07-10T20:00:00.000+0000'}",50903260,50903260,50903260,,AÇUDE JOANES II MONTANTE MONT.3,-12.6058,-38.4289,,2024-02-09T15:23:11.863+0000,5,"5 - Atlântico, Trecho Leste","50 - RIOS VAZA-BARRIS,ITAPICURU E .",RIO JOANES,BAHIA,SÃO SEBASTIÃO DO PASSÉ,50,50750000,16,16295000,114,114,2017-12-15T10:00:00.000+0000,2024-05-30T20:00:00.000+0000,INEMA-BA,INEMA-BA,Fluviométrica,1,123638250 - AÇUDE JOANES II MONTANTE MONT.3,,False,False,False,S 12° 36' 20.88'',W 38° 25' 44.04'',15/12/2017 à 30/05/2024,,,0.0,386.0,,
"{'horEstacao': 123638250, 'horDataHora': '2021-07-11T10:00:00.000+0000'}",50903260,50903260,50903260,,AÇUDE JOANES II MONTANTE MONT.3,-12.6058,-38.4289,,2024-02-09T15:23:11.863+0000,5,"5 - Atlântico, Trecho Leste","50 - RIOS VAZA-BARRIS,ITAPICURU E .",RIO JOANES,BAHIA,SÃO SEBASTIÃO DO PASSÉ,50,50750000,16,16295000,114,114,2017-12-15T10:00:00.000+0000,2024-05-30T20:00:00.000+0000,INEMA-BA,INEMA-BA,Fluviométrica,1,123638250 - AÇUDE JOANES II MONTANTE MONT.3,,False,False,False,S 12° 36' 20.88'',W 38° 25' 44.04'',15/12/2017 à 30/05/2024,,,0.0,286.0,,
"{'horEstacao': 123638250, 'horDataHora': '2021-07-11T20:00:00.000+0000'}",50903260,50903260,50903260,,AÇUDE JOANES II MONTANTE MONT.3,-12.6058,-38.4289,,2024-02-09T15:23:11.863+0000,5,"5 - Atlântico, Trecho Leste","50 - RIOS VAZA-BARRIS,ITAPICURU E .",RIO JOANES,BAHIA,SÃO SEBASTIÃO DO PASSÉ,50,50750000,16,16295000,114,114,2017-12-15T10:00:00.000+0000,2024-05-30T20:00:00.000+0000,INEMA-BA,INEMA-BA,Fluviométrica,1,123638250 - AÇUDE JOANES II MONTANTE MONT.3,,False,False,False,S 12° 36' 20.88'',W 38° 25' 44.04'',15/12/2017 à 30/05/2024,,,0.0,288.0,,
"{'horEstacao': 123638250, 'horDataHora': '2021-07-12T10:00:00.000+0000'}",50903260,50903260,50903260,,AÇUDE JOANES II MONTANTE MONT.3,-12.6058,-38.4289,,2024-02-09T15:23:11.863+0000,5,"5 - Atlântico, Trecho Leste","50 - RIOS VAZA-BARRIS,ITAPICURU E .",RIO JOANES,BAHIA,SÃO SEBASTIÃO DO PASSÉ,50,50750000,16,16295000,114,114,2017-12-15T10:00:00.000+0000,2024-05-30T20:00:00.000+0000,INEMA-BA,INEMA-BA,Fluviométrica,1,123638250 - AÇUDE JOANES II MONTANTE MONT.3,,False,False,False,S 12° 36' 20.88'',W 38° 25' 44.04'',15/12/2017 à 30/05/2024,,,0.0,284.0,,
"{'horEstacao': 123638250, 'horDataHora': '2021-07-12T20:00:00.000+0000'}",50903260,50903260,50903260,,AÇUDE JOANES II MONTANTE MONT.3,-12.6058,-38.4289,,2024-02-09T15:23:11.863+0000,5,"5 - Atlântico, Trecho Leste","50 - RIOS VAZA-BARRIS,ITAPICURU E .",RIO JOANES,BAHIA,SÃO SEBASTIÃO DO PASSÉ,50,50750000,16,16295000,114,114,2017-12-15T10:00:00.000+0000,2024-05-30T20:00:00.000+0000,INEMA-BA,INEMA-BA,Fluviométrica,1,123638250 - AÇUDE JOANES II MONTANTE MONT.3,,False,False,False,S 12° 36' 20.88'',W 38° 25' 44.04'',15/12/2017 à 30/05/2024,,,0.0,278.0,,
"{'horEstacao': 123638250, 'horDataHora': '2021-07-13T10:00:00.000+0000'}",50903260,50903260,50903260,,AÇUDE JOANES II MONTANTE MONT.3,-12.6058,-38.4289,,2024-02-09T15:23:11.863+0000,5,"5 - Atlântico, Trecho Leste","50 - RIOS VAZA-BARRIS,ITAPICURU E .",RIO JOANES,BAHIA,SÃO SEBASTIÃO DO PASSÉ,50,50750000,16,16295000,114,114,2017-12-15T10:00:00.000+0000,2024-05-30T20:00:00.000+0000,INEMA-BA,INEMA-BA,Fluviométrica,1,123638250 - AÇUDE JOANES II MONTANTE MONT.3,,False,False,False,S 12° 36' 20.88'',W 38° 25' 44.04'',15/12/2017 à 30/05/2024,,,0.0,266.0,,
"{'horEstacao': 123638250, 'horDataHora': '2021-07-13T20:00:00.000+0000'}",50903260,50903260,50903260,,AÇUDE JOANES II MONTANTE MONT.3,-12.6058,-38.4289,,2024-02-09T15:23:11.863+0000,5,"5 - Atlântico, Trecho Leste","50 - RIOS VAZA-BARRIS,ITAPICURU E .",RIO JOANES,BAHIA,SÃO SEBASTIÃO DO PASSÉ,50,50750000,16,16295000,114,114,2017-12-15T10:00:00.000+0000,2024-05-30T20:00:00.000+0000,INEMA-BA,INEMA-BA,Fluviométrica,1,123638250 - AÇUDE JOANES II MONTANTE MONT.3,,False,False,False,S 12° 36' 20.88'',W 38° 25' 44.04'',15/12/2017 à 30/05/2024,,,0.0,262.0,,
"{'horEstacao': 123638250, 'horDataHora': '2021-07-14T10:00:00.000+0000'}",50903260,50903260,50903260,,AÇUDE JOANES II MONTANTE MONT.3,-12.6058,-38.4289,,2024-02-09T15:23:11.863+0000,5,"5 - Atlântico, Trecho Leste","50 - RIOS VAZA-BARRIS,ITAPICURU E .",RIO JOANES,BAHIA,SÃO SEBASTIÃO DO PASSÉ,50,50750000,16,16295000,114,114,2017-12-15T10:00:00.000+0000,2024-05-30T20:00:00.000+0000,INEMA-BA,INEMA-BA,Fluviométrica,1,123638250 - AÇUDE JOANES II MONTANTE MONT.3,,False,False,False,S 12° 36' 20.88'',W 38° 25' 44.04'',15/12/2017 à 30/05/2024,,,0.0,262.0,,
"{'horEstacao': 123638250, 'horDataHora': '2021-07-14T20:00:00.000+0000'}",50903260,50903260,50903260,,AÇUDE JOANES II MONTANTE MONT.3,-12.6058,-38.4289,,2024-02-09T15:23:11.863+0000,5,"5 - Atlântico, Trecho Leste","50 - RIOS VAZA-BARRIS,ITAPICURU E .",RIO JOANES,BAHIA,SÃO SEBASTIÃO DO PASSÉ,50,50750000,16,16295000,114,114,2017-12-15T10:00:00.000+0000,2024-05-30T20:00:00.000+0000,INEMA-BA,INEMA-BA,Fluviométrica,1,123638250 - AÇUDE JOANES II MONTANTE MONT.3,,False,False,False,S 12° 36' 20.88'',W 38° 25' 44.04'',15/12/2017 à 30/05/2024,,,0.0,258.0,,
"{'horEstacao': 123638250, 'horDataHora': '2021-07-15T10:00:00.000+0000'}",50903260,50903260,50903260,,AÇUDE JOANES II MONTANTE MONT.3,-12.6058,-38.4289,,2024-02-09T15:23:11.863+0000,5,"5 - Atlântico, Trecho Leste","50 - RIOS VAZA-BARRIS,ITAPICURU E .",RIO JOANES,BAHIA,SÃO SEBASTIÃO DO PASSÉ,50,50750000,16,16295000,114,114,2017-12-15T10:00:00.000+0000,2024-05-30T20:00:00.000+0000,INEMA-BA,INEMA-BA,Fluviométrica,1,123638250 - AÇUDE JOANES II MONTANTE MONT.3,,False,False,False,S 12° 36' 20.88'',W 38° 25' 44.04'',15/12/2017 à 30/05/2024,,,0.0,256.0,,
"{'horEstacao': 123638250, 'horDataHora': '2021-07-15T20:00:00.000+0000'}",50903260,50903260,50903260,,AÇUDE JOANES II MONTANTE MONT.3,-12.6058,-38.4289,,2024-02-09T15:23:11.863+0000,5,"5 - Atlântico, Trecho Leste","50 - RIOS VAZA-BARRIS,ITAPICURU E .",RIO JOANES,BAHIA,SÃO SEBASTIÃO DO PASSÉ,50,50750000,16,16295000,114,114,2017-12-15T10:00:00.000+0000,2024-05-30T20:00:00.000+0000,INEMA-BA,INEMA-BA,Fluviométrica,1,123638250 - AÇUDE JOANES II MONTANTE MONT.3,,False,False,False,S 12° 36' 20.88'',W 38° 25' 44.04'',15/12/2017 à 30/05/2024,,,0.0,254.0,,
"{'horEstacao': 123638250, 'horDataHora': '2021-07-16T10:00:00.000+0000'}",50903260,50903260,50903260,,AÇUDE JOANES II MONTANTE MONT.3,-12.6058,-38.4289,,2024-02-09T15:23:11.863+0000,5,"5 - Atlântico, Trecho Leste","50 - RIOS VAZA-BARRIS,ITAPICURU E .",RIO JOANES,BAHIA,SÃO SEBASTIÃO DO PASSÉ,50,50750000,16,16295000,114,114,2017-12-15T10:00:00.000+0000,2024-05-30T20:00:00.000+0000,INEMA-BA,INEMA-BA,Fluviométrica,1,123638250 - AÇUDE JOANES II MONTANTE MONT.3,,False,False,False,S 12° 36' 20.88'',W 38° 25' 44.04'',15/12/2017 à 30/05/2024,,,0.0,254.0,,
"{'horEstacao': 123638250, 'horDataHora': '2021-07-16T20:00:00.000+0000'}",50903260,50903260,50903260,,AÇUDE JOANES II MONTANTE MONT.3,-12.6058,-38.4289,,2024-02-09T15:23:11.863+0000,5,"5 - Atlântico, Trecho Leste","50 - RIOS VAZA-BARRIS,ITAPICURU E .",RIO JOANES,BAHIA,SÃO SEBASTIÃO DO PASSÉ,50,50750000,16,16295000,114,114,2017-12-15T10:00:00.000+0000,2024-05-30T20:00:00.000+0000,INEMA-BA,INEMA-BA,Fluviométrica,1,123638250 - AÇUDE JOANES II MONTANTE MONT.3,,False,False,False,S 12° 36' 20.88'',W 38° 25' 44.04'',15/12/2017 à 30/05/2024,,,0.0,252.0,,
"{'horEstacao': 123638250, 'horDataHora': '2021-07-17T10:00:00.000+0000'}",50903260,50903260,50903260,,AÇUDE JOANES II MONTANTE MONT.3,-12.6058,-38.4289,,2024-02-09T15:23:11.863+0000,5,"5 - Atlântico, Trecho Leste","50 - RIOS VAZA-BARRIS,ITAPICURU E .",RIO JOANES,BAHIA,SÃO SEBASTIÃO DO PASSÉ,50,50750000,16,16295000,114,114,2017-12-15T10:00:00.000+0000,2024-05-30T20:00:00.000+0000,INEMA-BA,INEMA-BA,Fluviométrica,1,123638250 - AÇUDE JOANES II MONTANTE MONT.3,,False,False,False,S 12° 36' 20.88'',W 38° 25' 44.04'',15/12/2017 à 30/05/2024,,,0.0,252.0,,
"{'horEstacao': 123638250, 'horDataHora': '2021-07-17T20:00:00.000+0000'}",50903260,50903260,50903260,,AÇUDE JOANES II MONTANTE MONT.3,-12.6058,-38.4289,,2024-02-09T15:23:11.863+0000,5,"5 - Atlântico, Trecho Leste","50 - RIOS VAZA-BARRIS,ITAPICURU E .",RIO JOANES,BAHIA,SÃO SEBASTIÃO DO PASSÉ,50,50750000,16,16295000,114,114,2017-12-15T10:00:00.000+0000,2024-05-30T20:00:00.000+0000,INEMA-BA,INEMA-BA,Fluviométrica,1,123638250 - AÇUDE JOANES II MONTANTE MONT.3,,False,False,False,S 12° 36' 20.88'',W 38° 25' 44.04'',15/12/2017 à 30/05/2024,,,0.0,252.0,,
"{'horEstacao': 123638250, 'horDataHora': '2021-07-18T10:00:00.000+0000'}",50903260,50903260,50903260,,AÇUDE JOANES II MONTANTE MONT.3,-12.6058,-38.4289,,2024-02-09T15:23:11.863+0000,5,"5 - Atlântico, Trecho Leste","50 - RIOS VAZA-BARRIS,ITAPICURU E .",RIO JOANES,BAHIA,SÃO SEBASTIÃO DO PASSÉ,50,50750000,16,16295000,114,114,2017-12-15T10:00:00.000+0000,2024-05-30T20:00:00.000+0000,INEMA-BA,INEMA-BA,Fluviométrica,1,123638250 - AÇUDE JOANES II MONTANTE MONT.3,,False,False,False,S 12° 36' 20.88'',W 38° 25' 44.04'',15/12/2017 à 30/05/2024,,,0.0,250.0,,
"{'horEstacao': 123638250, 'horDataHora': '2021-07-18T20:00:00.000+0000'}",50903260,50903260,50903260,,AÇUDE JOANES II MONTANTE MONT.3,-12.6058,-38.4289,,2024-02-09T15:23:11.863+0000,5,"5 - Atlântico, Trecho Leste","50 - RIOS VAZA-BARRIS,ITAPICURU E .",RIO JOANES,BAHIA,SÃO SEBASTIÃO DO PASSÉ,50,50750000,16,16295000,114,114,2017-12-15T10:00:00.000+0000,2024-05-30T20:00:00.000+0000,INEMA-BA,INEMA-BA,Fluviométrica,1,123638250 - AÇUDE JOANES II MONTANTE MONT.3,,False,False,False,S 12° 36' 20.88'',W 38° 25' 44.04'',15/12/2017 à 30/05/2024,,,0.0,250.0,,
"{'horEstacao': 123638250, 'horDataHora': '2021-07-19T10:00:00.000+0000'}",50903260,50903260,50903260,,AÇUDE JOANES II MONTANTE MONT.3,-12.6058,-38.4289,,2024-02-09T15:23:11.863+0000,5,"5 - Atlântico, Trecho Leste","50 - RIOS VAZA-BARRIS,ITAPICURU E .",RIO JOANES,BAHIA,SÃO SEBASTIÃO DO PASSÉ,50,50750000,16,16295000,114,114,2017-12-15T10:00:00.000+0000,2024-05-30T20:00:00.000+0000,INEMA-BA,INEMA-BA,Fluviométrica,1,123638250 - AÇUDE JOANES II MONTANTE MONT.3,,False,False,False,S 12° 36' 20.88'',W 38° 25' 44.04'',15/12/2017 à 30/05/2024,,,0.0,248.0,,
"{'horEstacao': 123638250, 'horDataHora': '2021-07-19T20:00:00.000+0000'}",50903260,50903260,50903260,,AÇUDE JOANES II MONTANTE MONT.3,-12.6058,-38.4289,,2024-02-09T15:23:11.863+0000,5,"5 - Atlântico, Trecho Leste","50 - RIOS VAZA-BARRIS,ITAPICURU E .",RIO JOANES,BAHIA,SÃO SEBASTIÃO DO PASSÉ,50,50750000,16,16295000,114,114,2017-12-15T10:00:00.000+0000,2024-05-30T20:00:00.000+0000,INEMA-BA,INEMA-BA,Fluviométrica,1,123638250 - AÇUDE JOANES II MONTANTE MONT.3,,False,False,False,S 12° 36' 20.88'',W 38° 25' 44.04'',15/12/2017 à 30/05/2024,,,0.0,248.0,,
"{'horEstacao': 123638250, 'horDataHora': '2021-07-20T10:00:00.000+0000'}",50903260,50903260,50903260,,AÇUDE JOANES II MONTANTE MONT.3,-12.6058,-38.4289,,2024-02-09T15:23:11.863+0000,5,"5 - Atlântico, Trecho Leste","50 - RIOS VAZA-BARRIS,ITAPICURU E .",RIO JOANES,BAHIA,SÃO SEBASTIÃO DO PASSÉ,50,50750000,16,16295000,114,114,2017-12-15T10:00:00.000+0000,2024-05-30T20:00:00.000+0000,INEMA-BA,INEMA-BA,Fluviométrica,1,123638250 - AÇUDE JOANES II MONTANTE MONT.3,,False,False,False,S 12° 36' 20.88'',W 38° 25' 44.04'',15/12/2017 à 30/05/2024,,,0.0,248.0,,
"{'horEstacao': 123638250, 'horDataHora': '2021-07-20T20:00:00.000+0000'}",50903260,50903260,50903260,,AÇUDE JOANES II MONTANTE MONT.3,-12.6058,-38.4289,,2024-02-09T15:23:11.863+0000,5,"5 - Atlântico, Trecho Leste","50 - RIOS VAZA-BARRIS,ITAPICURU E .",RIO JOANES,BAHIA,SÃO SEBASTIÃO DO PASSÉ,50,50750000,16,16295000,114,114,2017-12-15T10:00:00.000+0000,2024-05-30T20:00:00.000+0000,INEMA-BA,INEMA-BA,Fluviométrica,1,123638250 - AÇUDE JOANES II MONTANTE MONT.3,,False,False,False,S 12° 36' 20.88'',W 38° 25' 44.04'',15/12/2017 à 30/05/2024,,,0.0,248.0,,
"{'horEstacao': 123638250, 'horDataHora': '2021-07-21T10:00:00.000+0000'}",50903260,50903260,50903260,,AÇUDE JOANES II MONTANTE MONT.3,-12.6058,-38.4289,,2024-02-09T15:23:11.863+0000,5,"5 - Atlântico, Trecho Leste","50 - RIOS VAZA-BARRIS,ITAPICURU E .",RIO JOANES,BAHIA,SÃO SEBASTIÃO DO PASSÉ,50,50750000,16,16295000,114,114,2017-12-15T10:00:00.000+0000,2024-05-30T20:00:00.000+0000,INEMA-BA,INEMA-BA,Fluviométrica,1,123638250 - AÇUDE JOANES II MONTANTE MONT.3,,False,False,False,S 12° 36' 20.88'',W 38° 25' 44.04'',15/12/2017 à 30/05/2024,,,0.0,248.0,,
"{'horEstacao': 123638250, 'horDataHora': '2021-07-21T20:00:00.000+0000'}",50903260,50903260,50903260,,AÇUDE JOANES II MONTANTE MONT.3,-12.6058,-38.4289,,2024-02-09T15:23:11.863+0000,5,"5 - Atlântico, Trecho Leste","50 - RIOS VAZA-BARRIS,ITAPICURU E .",RIO JOANES,BAHIA,SÃO SEBASTIÃO DO PASSÉ,50,50750000,16,16295000,114,114,2017-12-15T10:00:00.000+0000,2024-05-30T20:00:00.000+0000,INEMA-BA,INEMA-BA,Fluviométrica,1,123638250 - AÇUDE JOANES II MONTANTE MONT.3,,False,False,False,S 12° 36' 20.88'',W 38° 25' 44.04'',15/12/2017 à 30/05/2024,,,0.0,248.0,,
"{'horEstacao': 123638250, 'horDataHora': '2021-07-22T10:00:00.000+0000'}",50903260,50903260,50903260,,AÇUDE JOANES II MONTANTE MONT.3,-12.6058,-38.4289,,2024-02-09T15:23:11.863+0000,5,"5 - Atlântico, Trecho Leste","50 - RIOS VAZA-BARRIS,ITAPICURU E .",RIO JOANES,BAHIA,SÃO SEBASTIÃO DO PASSÉ,50,50750000,16,16295000,114,114,2017-12-15T10:00:00.000+0000,2024-05-30T20:00:00.000+0000,INEMA-BA,INEMA-BA,Fluviométrica,1,123638250 - AÇUDE JOANES II MONTANTE MONT.3,,False,False,False,S 12° 36' 20.88'',W 38° 25' 44.04'',15/12/2017 à 30/05/2024,,,0.0,248.0,,
"{'horEstacao': 123638250, 'horDataHora': '2021-07-22T20:00:00.000+0000'}",50903260,50903260,50903260,,AÇUDE JOANES II MONTANTE MONT.3,-12.6058,-38.4289,,2024-02-09T15:23:11.863+0000,5,"5 - Atlântico, Trecho Leste","50 - RIOS VAZA-BARRIS,ITAPICURU E .",RIO JOANES,BAHIA,SÃO SEBASTIÃO DO PASSÉ,50,50750000,16,16295000,114,114,2017-12-15T10:00:00.000+0000,2024-05-30T20:00:00.000+0000,INEMA-BA,INEMA-BA,Fluviométrica,1,123638250 - AÇUDE JOANES II MONTANTE MONT.3,,False,False,False,S 12° 36' 20.88'',W 38° 25' 44.04'',15/12/2017 à 30/05/2024,,,0.0,248.0,,
"{'horEstacao': 123638250, 'horDataHora': '2021-07-23T10:00:00.000+0000'}",50903260,50903260,50903260,,AÇUDE JOANES II MONTANTE MONT.3,-12.6058,-38.4289,,2024-02-09T15:23:11.863+0000,5,"5 - Atlântico, Trecho Leste","50 - RIOS VAZA-BARRIS,ITAPICURU E .",RIO JOANES,BAHIA,SÃO SEBASTIÃO DO PASSÉ,50,50750000,16,16295000,114,114,2017-12-15T10:00:00.000+0000,2024-05-30T20:00:00.000+0000,INEMA-BA,INEMA-BA,Fluviométrica,1,123638250 - AÇUDE JOANES II MONTANTE MONT.3,,False,False,False,S 12° 36' 20.88'',W 38° 25' 44.04'',15/12/2017 à 30/05/2024,,,0.0,250.0,,
"{'horEstacao': 123638250, 'horDataHora': '2021-07-23T20:00:00.000+0000'}",50903260,50903260,50903260,,AÇUDE JOANES II MONTANTE MONT.3,-12.6058,-38.4289,,2024-02-09T15:23:11.863+0000,5,"5 - Atlântico, Trecho Leste","50 - RIOS VAZA-BARRIS,ITAPICURU E .",RIO JOANES,BAHIA,SÃO SEBASTIÃO DO PASSÉ,50,50750000,16,16295000,114,114,2017-12-15T10:00:00.000+0000,2024-05-30T20:00:00.000+0000,INEMA-BA,INEMA-BA,Fluviométrica,1,123638250 - AÇUDE JOANES II MONTANTE MONT.3,,False,False,False,S 12° 36' 20.88'',W 38° 25' 44.04'',15/12/2017 à 30/05/2024,,,0.0,252.0,,
"{'horEstacao': 123638250, 'horDataHora': '2021-07-24T10:00:00.000+0000'}",50903260,50903260,50903260,,AÇUDE JOANES II MONTANTE MONT.3,-12.6058,-38.4289,,2024-02-09T15:23:11.863+0000,5,"5 - Atlântico, Trecho Leste","50 - RIOS VAZA-BARRIS,ITAPICURU E .",RIO JOANES,BAHIA,SÃO SEBASTIÃO DO PASSÉ,50,50750000,16,16295000,114,114,2017-12-15T10:00:00.000+0000,2024-05-30T20:00:00.000+0000,INEMA-BA,INEMA-BA,Fluviométrica,1,123638250 - AÇUDE JOANES II MONTANTE MONT.3,,False,False,False,S 12° 36' 20.88'',W 38° 25' 44.04'',15/12/2017 à 30/05/2024,,,0.0,250.0,,
"{'horEstacao': 123638250, 'horDataHora': '2021-07-24T20:00:00.000+0000'}",50903260,50903260,50903260,,AÇUDE JOANES II MONTANTE MONT.3,-12.6058,-38.4289,,2024-02-09T15:23:11.863+0000,5,"5 - Atlântico, Trecho Leste","50 - RIOS VAZA-BARRIS,ITAPICURU E .",RIO JOANES,BAHIA,SÃO SEBASTIÃO DO PASSÉ,50,50750000,16,16295000,114,114,2017-12-15T10:00:00.000+0000,2024-05-30T20:00:00.000+0000,INEMA-BA,INEMA-BA,Fluviométrica,1,123638250 - AÇUDE JOANES II MONTANTE MONT.3,,False,False,False,S 12° 36' 20.88'',W 38° 25' 44.04'',15/12/2017 à 30/05/2024,,,0.0,258.0,,
"{'horEstacao': 123638250, 'horDataHora': '2021-07-25T10:00:00.000+0000'}",50903260,50903260,50903260,,AÇUDE JOANES II MONTANTE MONT.3,-12.6058,-38.4289,,2024-02-09T15:23:11.863+0000,5,"5 - Atlântico, Trecho Leste","50 - RIOS VAZA-BARRIS,ITAPICURU E .",RIO JOANES,BAHIA,SÃO SEBASTIÃO DO PASSÉ,50,50750000,16,16295000,114,114,2017-12-15T10:00:00.000+0000,2024-05-30T20:00:00.000+0000,INEMA-BA,INEMA-BA,Fluviométrica,1,123638250 - AÇUDE JOANES II MONTANTE MONT.3,,False,False,False,S 12° 36' 20.88'',W 38° 25' 44.04'',15/12/2017 à 30/05/2024,,,0.0,296.0,,
"{'horEstacao': 123638250, 'horDataHora': '2021-07-25T20:00:00.000+0000'}",50903260,50903260,50903260,,AÇUDE JOANES II MONTANTE MONT.3,-12.6058,-38.4289,,2024-02-09T15:23:11.863+0000,5,"5 - Atlântico, Trecho Leste","50 - RIOS VAZA-BARRIS,ITAPICURU E .",RIO JOANES,BAHIA,SÃO SEBASTIÃO DO PASSÉ,50,50750000,16,16295000,114,114,2017-12-15T10:00:00.000+0000,2024-05-30T20:00:00.000+0000,INEMA-BA,INEMA-BA,Fluviométrica,1,123638250 - AÇUDE JOANES II MONTANTE MONT.3,,False,False,False,S 12° 36' 20.88'',W 38° 25' 44.04'',15/12/2017 à 30/05/2024,,,0.0,298.0,,
"{'horEstacao': 123638250, 'horDataHora': '2021-07-26T10:00:00.000+0000'}",50903260,50903260,50903260,,AÇUDE JOANES II MONTANTE MONT.3,-12.6058,-38.4289,,2024-02-09T15:23:11.863+0000,5,"5 - Atlântico, Trecho Leste","50 - RIOS VAZA-BARRIS,ITAPICURU E .",RIO JOANES,BAHIA,SÃO SEBASTIÃO DO PASSÉ,50,50750000,16,16295000,114,114,2017-12-15T10:00:00.000+0000,2024-05-30T20:00:00.000+0000,INEMA-BA,INEMA-BA,Fluviométrica,1,123638250 - AÇUDE JOANES II MONTANTE MONT.3,,False,False,False,S 12° 36' 20.88'',W 38° 25' 44.04'',15/12/2017 à 30/05/2024,,,0.0,318.0,,
"{'horEstacao': 123638250, 'horDataHora': '2021-07-26T20:00:00.000+0000'}",50903260,50903260,50903260,,AÇUDE JOANES II MONTANTE MONT.3,-12.6058,-38.4289,,2024-02-09T15:23:11.863+0000,5,"5 - Atlântico, Trecho Leste","50 - RIOS VAZA-BARRIS,ITAPICURU E .",RIO JOANES,BAHIA,SÃO SEBASTIÃO DO PASSÉ,50,50750000,16,16295000,114,114,2017-12-15T10:00:00.000+0000,2024-05-30T20:00:00.000+0000,INEMA-BA,INEMA-BA,Fluviométrica,1,123638250 - AÇUDE JOANES II MONTANTE MONT.3,,False,False,False,S 12° 36' 20.88'',W 38° 25' 44.04'',15/12/2017 à 30/05/2024,,,0.0,320.0,,
"{'horEstacao': 123638250, 'horDataHora': '2021-07-27T10:00:00.000+0000'}",50903260,50903260,50903260,,AÇUDE JOANES II MONTANTE MONT.3,-12.6058,-38.4289,,2024-02-09T15:23:11.863+0000,5,"5 - Atlântico, Trecho Leste","50 - RIOS VAZA-BARRIS,ITAPICURU E .",RIO JOANES,BAHIA,SÃO SEBASTIÃO DO PASSÉ,50,50750000,16,16295000,114,114,2017-12-15T10:00:00.000+0000,2024-05-30T20:00:00.000+0000,INEMA-BA,INEMA-BA,Fluviométrica,1,123638250 - AÇUDE JOANES II MONTANTE MONT.3,,False,False,False,S 12° 36' 20.88'',W 38° 25' 44.04'',15/12/2017 à 30/05/2024,,,0.0,342.0,,
"{'horEstacao': 123638250, 'horDataHora': '2021-07-27T20:00:00.000+0000'}",50903260,50903260,50903260,,AÇUDE JOANES II MONTANTE MONT.3,-12.6058,-38.4289,,2024-02-09T15:23:11.863+0000,5,"5 - Atlântico, Trecho Leste","50 - RIOS VAZA-BARRIS,ITAPICURU E .",RIO JOANES,BAHIA,SÃO SEBASTIÃO DO PASSÉ,50,50750000,16,16295000,114,114,2017-12-15T10:00:00.000+0000,2024-05-30T20:00:00.000+0000,INEMA-BA,INEMA-BA,Fluviométrica,1,123638250 - AÇUDE JOANES II MONTANTE MONT.3,,False,False,False,S 12° 36' 20.88'',W 38° 25' 44.04'',15/12/2017 à 30/05/2024,,,0.0,390.0,,
"{'horEstacao': 123638250, 'horDataHora': '2021-07-28T10:00:00.000+0000'}",50903260,50903260,50903260,,AÇUDE JOANES II MONTANTE MONT.3,-12.6058,-38.4289,,2024-02-09T15:23:11.863+0000,5,"5 - Atlântico, Trecho Leste","50 - RIOS VAZA-BARRIS,ITAPICURU E .",RIO JOANES,BAHIA,SÃO SEBASTIÃO DO PASSÉ,50,50750000,16,16295000,114,114,2017-12-15T10:00:00.000+0000,2024-05-30T20:00:00.000+0000,INEMA-BA,INEMA-BA,Fluviométrica,1,123638250 - AÇUDE JOANES II MONTANTE MONT.3,,False,False,False,S 12° 36' 20.88'',W 38° 25' 44.04'',15/12/2017 à 30/05/2024,,,0.0,280.0,,
"{'horEstacao': 123638250, 'horDataHora': '2021-07-28T20:00:00.000+0000'}",50903260,50903260,50903260,,AÇUDE JOANES II MONTANTE MONT.3,-12.6058,-38.4289,,2024-02-09T15:23:11.863+0000,5,"5 - Atlântico, Trecho Leste","50 - RIOS VAZA-BARRIS,ITAPICURU E .",RIO JOANES,BAHIA,SÃO SEBASTIÃO DO PASSÉ,50,50750000,16,16295000,114,114,2017-12-15T10:00:00.000+0000,2024-05-30T20:00:00.000+0000,INEMA-BA,INEMA-BA,Fluviométrica,1,123638250 - AÇUDE JOANES II MONTANTE MONT.3,,False,False,False,S 12° 36' 20.88'',W 38° 25' 44.04'',15/12/2017 à 30/05/2024,,,0.0,252.0,,
"{'horEstacao': 123638250, 'horDataHora': '2021-07-29T10:00:00.000+0000'}",50903260,50903260,50903260,,AÇUDE JOANES II MONTANTE MONT.3,-12.6058,-38.4289,,2024-02-09T15:23:11.863+0000,5,"5 - Atlântico, Trecho Leste","50 - RIOS VAZA-BARRIS,ITAPICURU E .",RIO JOANES,BAHIA,SÃO SEBASTIÃO DO PASSÉ,50,50750000,16,16295000,114,114,2017-12-15T10:00:00.000+0000,2024-05-30T20:00:00.000+0000,INEMA-BA,INEMA-BA,Fluviométrica,1,123638250 - AÇUDE JOANES II MONTANTE MONT.3,,False,False,False,S 12° 36' 20.88'',W 38° 25' 44.04'',15/12/2017 à 30/05/2024,,,0.0,262.0,,
"{'horEstacao': 123638250, 'horDataHora': '2021-07-29T20:00:00.000+0000'}",50903260,50903260,50903260,,AÇUDE JOANES II MONTANTE MONT.3,-12.6058,-38.4289,,2024-02-09T15:23:11.863+0000,5,"5 - Atlântico, Trecho Leste","50 - RIOS VAZA-BARRIS,ITAPICURU E .",RIO JOANES,BAHIA,SÃO SEBASTIÃO DO PASSÉ,50,50750000,16,16295000,114,114,2017-12-15T10:00:00.000+0000,2024-05-30T20:00:00.000+0000,INEMA-BA,INEMA-BA,Fluviométrica,1,123638250 - AÇUDE JOANES II MONTANTE MONT.3,,False,False,False,S 12° 36' 20.88'',W 38° 25' 44.04'',15/12/2017 à 30/05/2024,,,0.0,258.0,,
"{'horEstacao': 123638250, 'horDataHora': '2021-07-30T10:00:00.000+0000'}",50903260,50903260,50903260,,AÇUDE JOANES II MONTANTE MONT.3,-12.6058,-38.4289,,2024-02-09T15:23:11.863+0000,5,"5 - Atlântico, Trecho Leste","50 - RIOS VAZA-BARRIS,ITAPICURU E .",RIO JOANES,BAHIA,SÃO SEBASTIÃO DO PASSÉ,50,50750000,16,16295000,114,114,2017-12-15T10:00:00.000+0000,2024-05-30T20:00:00.000+0000,INEMA-BA,INEMA-BA,Fluviométrica,1,123638250 - AÇUDE JOANES II MONTANTE MONT.3,,False,False,False,S 12° 36' 20.88'',W 38° 25' 44.04'',15/12/2017 à 30/05/2024,,,0.0,252.0,,
"{'horEstacao': 123638250, 'horDataHora': '2021-07-30T20:00:00.000+0000'}",50903260,50903260,50903260,,AÇUDE JOANES II MONTANTE MONT.3,-12.6058,-38.4289,,2024-02-09T15:23:11.863+0000,5,"5 - Atlântico, Trecho Leste","50 - RIOS VAZA-BARRIS,ITAPICURU E .",RIO JOANES,BAHIA,SÃO SEBASTIÃO DO PASSÉ,50,50750000,16,16295000,114,114,2017-12-15T10:00:00.000+0000,2024-05-30T20:00:00.000+0000,INEMA-BA,INEMA-BA,Fluviométrica,1,123638250 - AÇUDE JOANES II MONTANTE MONT.3,,False,False,False,S 12° 36' 20.88'',W 38° 25' 44.04'',15/12/2017 à 30/05/2024,,,0.0,252.0,,
"{'horEstacao': 123638250, 'horDataHora': '2021-07-31T10:00:00.000+0000'}",50903260,50903260,50903260,,AÇUDE JOANES II MONTANTE MONT.3,-12.6058,-38.4289,,2024-02-09T15:23:11.863+0000,5,"5 - Atlântico, Trecho Leste","50 - RIOS VAZA-BARRIS,ITAPICURU E .",RIO JOANES,BAHIA,SÃO SEBASTIÃO DO PASSÉ,50,50750000,16,16295000,114,114,2017-12-15T10:00:00.000+0000,2024-05-30T20:00:00.000+0000,INEMA-BA,INEMA-BA,Fluviométrica,1,123638250 - AÇUDE JOANES II MONTANTE MONT.3,,False,False,False,S 12° 36' 20.88'',W 38° 25' 44.04'',15/12/2017 à 30/05/2024,,,0.0,270.0,,
"{'horEstacao': 123638250, 'horDataHora': '2021-07-31T20:00:00.000+0000'}",50903260,50903260,50903260,,AÇUDE JOANES II MONTANTE MONT.3,-12.6058,-38.4289,,2024-02-09T15:23:11.863+0000,5,"5 - Atlântico, Trecho Leste","50 - RIOS VAZA-BARRIS,ITAPICURU E .",RIO JOANES,BAHIA,SÃO SEBASTIÃO DO PASSÉ,50,50750000,16,16295000,114,114,2017-12-15T10:00:00.000+0000,2024-05-30T20:00:00.000+0000,INEMA-BA,INEMA-BA,Fluviométrica,1,123638250 - AÇUDE JOANES II MONTANTE MONT.3,,False,False,False,S 12° 36' 20.88'',W 38° 25' 44.04'',15/12/2017 à 30/05/2024,,,0.0,274.0,,
"{'horEstacao': 123638250, 'horDataHora': '2021-08-01T10:00:00.000+0000'}",50903260,50903260,50903260,,AÇUDE JOANES II MONTANTE MONT.3,-12.6058,-38.4289,,2024-02-09T15:23:11.863+0000,5,"5 - Atlântico, Trecho Leste","50 - RIOS VAZA-BARRIS,ITAPICURU E .",RIO JOANES,BAHIA,SÃO SEBASTIÃO DO PASSÉ,50,50750000,16,16295000,114,114,2017-12-15T10:00:00.000+0000,2024-05-30T20:00:00.000+0000,INEMA-BA,INEMA-BA,Fluviométrica,1,123638250 - AÇUDE JOANES II MONTANTE MONT.3,,False,False,False,S 12° 36' 20.88'',W 38° 25' 44.04'',15/12/2017 à 30/05/2024,,,0.0,270.0,,
"{'horEstacao': 123638250, 'horDataHora': '2021-08-01T20:00:00.000+0000'}",50903260,50903260,50903260,,AÇUDE JOANES II MONTANTE MONT.3,-12.6058,-38.4289,,2024-02-09T15:23:11.863+0000,5,"5 - Atlântico, Trecho Leste","50 - RIOS VAZA-BARRIS,ITAPICURU E .",RIO JOANES,BAHIA,SÃO SEBASTIÃO DO PASSÉ,50,50750000,16,16295000,114,114,2017-12-15T10:00:00.000+0000,2024-05-30T20:00:00.000+0000,INEMA-BA,INEMA-BA,Fluviométrica,1,123638250 - AÇUDE JOANES II MONTANTE MONT.3,,False,False,False,S 12° 36' 20.88'',W 38° 25' 44.04'',15/12/2017 à 30/05/2024,,,0.0,278.0,,
"{'horEstacao': 123638250, 'horDataHora': '2021-08-02T10:00:00.000+0000'}",50903260,50903260,50903260,,AÇUDE JOANES II MONTANTE MONT.3,-12.6058,-38.4289,,2024-02-09T15:23:11.863+0000,5,"5 - Atlântico, Trecho Leste","50 - RIOS VAZA-BARRIS,ITAPICURU E .",RIO JOANES,BAHIA,SÃO SEBASTIÃO DO PASSÉ,50,50750000,16,16295000,114,114,2017-12-15T10:00:00.000+0000,2024-05-30T20:00:00.000+0000,INEMA-BA,INEMA-BA,Fluviométrica,1,123638250 - AÇUDE JOANES II MONTANTE MONT.3,,False,False,False,S 12° 36' 20.88'',W 38° 25' 44.04'',15/12/2017 à 30/05/2024,,,0.0,280.0,,
"{'horEstacao': 123638250, 'horDataHora': '2021-08-02T20:00:00.000+0000'}",50903260,50903260,50903260,,AÇUDE JOANES II MONTANTE MONT.3,-12.6058,-38.4289,,2024-02-09T15:23:11.863+0000,5,"5 - Atlântico, Trecho Leste","50 - RIOS VAZA-BARRIS,ITAPICURU E .",RIO JOANES,BAHIA,SÃO SEBASTIÃO DO PASSÉ,50,50750000,16,16295000,114,114,2017-12-15T10:00:00.000+0000,2024-05-30T20:00:00.000+0000,INEMA-BA,INEMA-BA,Fluviométrica,1,123638250 - AÇUDE JOANES II MONTANTE MONT.3,,False,False,False,S 12° 36' 20.88'',W 38° 25' 44.04'',15/12/2017 à 30/05/2024,,,0.0,274.0,,
"{'horEstacao': 123638250, 'horDataHora': '2021-08-03T10:00:00.000+0000'}",50903260,50903260,50903260,,AÇUDE JOANES II MONTANTE MONT.3,-12.6058,-38.4289,,2024-02-09T15:23:11.863+0000,5,"5 - Atlântico, Trecho Leste","50 - RIOS VAZA-BARRIS,ITAPICURU E .",RIO JOANES,BAHIA,SÃO SEBASTIÃO DO PASSÉ,50,50750000,16,16295000,114,114,2017-12-15T10:00:00.000+0000,2024-05-30T20:00:00.000+0000,INEMA-BA,INEMA-BA,Fluviométrica,1,123638250 - AÇUDE JOANES II MONTANTE MONT.3,,False,False,False,S 12° 36' 20.88'',W 38° 25' 44.04'',15/12/2017 à 30/05/2024,,,0.0,270.0,,
"{'horEstacao': 123638250, 'horDataHora': '2021-08-03T20:00:00.000+0000'}",50903260,50903260,50903260,,AÇUDE JOANES II MONTANTE MONT.3,-12.6058,-38.4289,,2024-02-09T15:23:11.863+0000,5,"5 - Atlântico, Trecho Leste","50 - RIOS VAZA-BARRIS,ITAPICURU E .",RIO JOANES,BAHIA,SÃO SEBASTIÃO DO PASSÉ,50,50750000,16,16295000,114,114,2017-12-15T10:00:00.000+0000,2024-05-30T20:00:00.000+0000,INEMA-BA,INEMA-BA,Fluviométrica,1,123638250 - AÇUDE JOANES II MONTANTE MONT.3,,False,False,False,S 12° 36' 20.88'',W 38° 25' 44.04'',15/12/2017 à 30/05/2024,,,0.0,266.0,,
"{'horEstacao': 123638250, 'horDataHora': '2021-08-04T10:00:00.000+0000'}",50903260,50903260,50903260,,AÇUDE JOANES II MONTANTE MONT.3,-12.6058,-38.4289,,2024-02-09T15:23:11.863+0000,5,"5 - Atlântico, Trecho Leste","50 - RIOS VAZA-BARRIS,ITAPICURU E .",RIO JOANES,BAHIA,SÃO SEBASTIÃO DO PASSÉ,50,50750000,16,16295000,114,114,2017-12-15T10:00:00.000+0000,2024-05-30T20:00:00.000+0000,INEMA-BA,INEMA-BA,Fluviométrica,1,123638250 - AÇUDE JOANES II MONTANTE MONT.3,,False,False,False,S 12° 36' 20.88'',W 38° 25' 44.04'',15/12/2017 à 30/05/2024,,,0.0,272.0,,
"{'horEstacao': 123638250, 'horDataHora': '2021-08-04T20:00:00.000+0000'}",50903260,50903260,50903260,,AÇUDE JOANES II MONTANTE MONT.3,-12.6058,-38.4289,,2024-02-09T15:23:11.863+0000,5,"5 - Atlântico, Trecho Leste","50 - RIOS VAZA-BARRIS,ITAPICURU E .",RIO JOANES,BAHIA,SÃO SEBASTIÃO DO PASSÉ,50,50750000,16,16295000,114,114,2017-12-15T10:00:00.000+0000,2024-05-30T20:00:00.000+0000,INEMA-BA,INEMA-BA,Fluviométrica,1,123638250 - AÇUDE JOANES II MONTANTE MONT.3,,False,False,False,S 12° 36' 20.88'',W 38° 25' 44.04'',15/12/2017 à 30/05/2024,,,0.0,266.0,,
"{'horEstacao': 123638250, 'horDataHora': '2021-08-05T10:00:00.000+0000'}",50903260,50903260,50903260,,AÇUDE JOANES II MONTANTE MONT.3,-12.6058,-38.4289,,2024-02-09T15:23:11.863+0000,5,"5 - Atlântico, Trecho Leste","50 - RIOS VAZA-BARRIS,ITAPICURU E .",RIO JOANES,BAHIA,SÃO SEBASTIÃO DO PASSÉ,50,50750000,16,16295000,114,114,2017-12-15T10:00:00.000+0000,2024-05-30T20:00:00.000+0000,INEMA-BA,INEMA-BA,Fluviométrica,1,123638250 - AÇUDE JOANES II MONTANTE MONT.3,,False,False,False,S 12° 36' 20.88'',W 38° 25' 44.04'',15/12/2017 à 30/05/2024,,,0.0,260.0,,
"{'horEstacao': 123638250, 'horDataHora': '2021-08-05T20:00:00.000+0000'}",50903260,50903260,50903260,,AÇUDE JOANES II MONTANTE MONT.3,-12.6058,-38.4289,,2024-02-09T15:23:11.863+0000,5,"5 - Atlântico, Trecho Leste","50 - RIOS VAZA-BARRIS,ITAPICURU E .",RIO JOANES,BAHIA,SÃO SEBASTIÃO DO PASSÉ,50,50750000,16,16295000,114,114,2017-12-15T10:00:00.000+0000,2024-05-30T20:00:00.000+0000,INEMA-BA,INEMA-BA,Fluviométrica,1,123638250 - AÇUDE JOANES II MONTANTE MONT.3,,False,False,False,S 12° 36' 20.88'',W 38° 25' 44.04'',15/12/2017 à 30/05/2024,,,0.0,260.0,,
"{'horEstacao': 123638250, 'horDataHora': '2021-08-06T10:00:00.000+0000'}",50903260,50903260,50903260,,AÇUDE JOANES II MONTANTE MONT.3,-12.6058,-38.4289,,2024-02-09T15:23:11.863+0000,5,"5 - Atlântico, Trecho Leste","50 - RIOS VAZA-BARRIS,ITAPICURU E .",RIO JOANES,BAHIA,SÃO SEBASTIÃO DO PASSÉ,50,50750000,16,16295000,114,114,2017-12-15T10:00:00.000+0000,2024-05-30T20:00:00.000+0000,INEMA-BA,INEMA-BA,Fluviométrica,1,123638250 - AÇUDE JOANES II MONTANTE MONT.3,,False,False,False,S 12° 36' 20.88'',W 38° 25' 44.04'',15/12/2017 à 30/05/2024,,,0.0,278.0,,
"{'horEstacao': 123638250, 'horDataHora': '2021-08-06T20:00:00.000+0000'}",50903260,50903260,50903260,,AÇUDE JOANES II MONTANTE MONT.3,-12.6058,-38.4289,,2024-02-09T15:23:11.863+0000,5,"5 - Atlântico, Trecho Leste","50 - RIOS VAZA-BARRIS,ITAPICURU E .",RIO JOANES,BAHIA,SÃO SEBASTIÃO DO PASSÉ,50,50750000,16,16295000,114,114,2017-12-15T10:00:00.000+0000,2024-05-30T20:00:00.000+0000,INEMA-BA,INEMA-BA,Fluviométrica,1,123638250 - AÇUDE JOANES II MONTANTE MONT.3,,False,False,False,S 12° 36' 20.88'',W 38° 25' 44.04'',15/12/2017 à 30/05/2024,,,0.0,296.0,,
"{'horEstacao': 123638250, 'horDataHora': '2021-08-07T10:00:00.000+0000'}",50903260,50903260,50903260,,AÇUDE JOANES II MONTANTE MONT.3,-12.6058,-38.4289,,2024-02-09T15:23:11.863+0000,5,"5 - Atlântico, Trecho Leste","50 - RIOS VAZA-BARRIS,ITAPICURU E .",RIO JOANES,BAHIA,SÃO SEBASTIÃO DO PASSÉ,50,50750000,16,16295000,114,114,2017-12-15T10:00:00.000+0000,2024-05-30T20:00:00.000+0000,INEMA-BA,INEMA-BA,Fluviométrica,1,123638250 - AÇUDE JOANES II MONTANTE MONT.3,,False,False,False,S 12° 36' 20.88'',W 38° 25' 44.04'',15/12/2017 à 30/05/2024,,,0.0,316.0,,
"{'horEstacao': 123638250, 'horDataHora': '2021-08-07T20:00:00.000+0000'}",50903260,50903260,50903260,,AÇUDE JOANES II MONTANTE MONT.3,-12.6058,-38.4289,,2024-02-09T15:23:11.863+0000,5,"5 - Atlântico, Trecho Leste","50 - RIOS VAZA-BARRIS,ITAPICURU E .",RIO JOANES,BAHIA,SÃO SEBASTIÃO DO PASSÉ,50,50750000,16,16295000,114,114,2017-12-15T10:00:00.000+0000,2024-05-30T20:00:00.000+0000,INEMA-BA,INEMA-BA,Fluviométrica,1,123638250 - AÇUDE JOANES II MONTANTE MONT.3,,False,False,False,S 12° 36' 20.88'',W 38° 25' 44.04'',15/12/2017 à 30/05/2024,,,0.0,346.0,,
"{'horEstacao': 123638250, 'horDataHora': '2021-08-08T10:00:00.000+0000'}",50903260,50903260,50903260,,AÇUDE JOANES II MONTANTE MONT.3,-12.6058,-38.4289,,2024-02-09T15:23:11.863+0000,5,"5 - Atlântico, Trecho Leste","50 - RIOS VAZA-BARRIS,ITAPICURU E .",RIO JOANES,BAHIA,SÃO SEBASTIÃO DO PASSÉ,50,50750000,16,16295000,114,114,2017-12-15T10:00:00.000+0000,2024-05-30T20:00:00.000+0000,INEMA-BA,INEMA-BA,Fluviométrica,1,123638250 - AÇUDE JOANES II MONTANTE MONT.3,,False,False,False,S 12° 36' 20.88'',W 38° 25' 44.04'',15/12/2017 à 30/05/2024,,,0.0,334.0,,
"{'horEstacao': 123638250, 'horDataHora': '2021-08-08T20:00:00.000+0000'}",50903260,50903260,50903260,,AÇUDE JOANES II MONTANTE MONT.3,-12.6058,-38.4289,,2024-02-09T15:23:11.863+0000,5,"5 - Atlântico, Trecho Leste","50 - RIOS VAZA-BARRIS,ITAPICURU E .",RIO JOANES,BAHIA,SÃO SEBASTIÃO DO PASSÉ,50,50750000,16,16295000,114,114,2017-12-15T10:00:00.000+0000,2024-05-30T20:00:00.000+0000,INEMA-BA,INEMA-BA,Fluviométrica,1,123638250 - AÇUDE JOANES II MONTANTE MONT.3,,False,False,False,S 12° 36' 20.88'',W 38° 25' 44.04'',15/12/2017 à 30/05/2024,,,0.0,326.0,,
"{'horEstacao': 123638250, 'horDataHora': '2021-08-09T10:00:00.000+0000'}",50903260,50903260,50903260,,AÇUDE JOANES II MONTANTE MONT.3,-12.6058,-38.4289,,2024-02-09T15:23:11.863+0000,5,"5 - Atlântico, Trecho Leste","50 - RIOS VAZA-BARRIS,ITAPICURU E .",RIO JOANES,BAHIA,SÃO SEBASTIÃO DO PASSÉ,50,50750000,16,16295000,114,114,2017-12-15T10:00:00.000+0000,2024-05-30T20:00:00.000+0000,INEMA-BA,INEMA-BA,Fluviométrica,1,123638250 - AÇUDE JOANES II MONTANTE MONT.3,,False,False,False,S 12° 36' 20.88'',W 38° 25' 44.04'',15/12/2017 à 30/05/2024,,,0.0,312.0,,
"{'horEstacao': 123638250, 'horDataHora': '2021-08-09T20:00:00.000+0000'}",50903260,50903260,50903260,,AÇUDE JOANES II MONTANTE MONT.3,-12.6058,-38.4289,,2024-02-09T15:23:11.863+0000,5,"5 - Atlântico, Trecho Leste","50 - RIOS VAZA-BARRIS,ITAPICURU E .",RIO JOANES,BAHIA,SÃO SEBASTIÃO DO PASSÉ,50,50750000,16,16295000,114,114,2017-12-15T10:00:00.000+0000,2024-05-30T20:00:00.000+0000,INEMA-BA,INEMA-BA,Fluviométrica,1,123638250 - AÇUDE JOANES II MONTANTE MONT.3,,False,False,False,S 12° 36' 20.88'',W 38° 25' 44.04'',15/12/2017 à 30/05/2024,,,0.0,306.0,,
"{'horEstacao': 123638250, 'horDataHora': '2021-08-10T10:00:00.000+0000'}",50903260,50903260,50903260,,AÇUDE JOANES II MONTANTE MONT.3,-12.6058,-38.4289,,2024-02-09T15:23:11.863+0000,5,"5 - Atlântico, Trecho Leste","50 - RIOS VAZA-BARRIS,ITAPICURU E .",RIO JOANES,BAHIA,SÃO SEBASTIÃO DO PASSÉ,50,50750000,16,16295000,114,114,2017-12-15T10:00:00.000+0000,2024-05-30T20:00:00.000+0000,INEMA-BA,INEMA-BA,Fluviométrica,1,123638250 - AÇUDE JOANES II MONTANTE MONT.3,,False,False,False,S 12° 36' 20.88'',W 38° 25' 44.04'',15/12/2017 à 30/05/2024,,,0.0,296.0,,
"{'horEstacao': 123638250, 'horDataHora': '2021-08-10T20:00:00.000+0000'}",50903260,50903260,50903260,,AÇUDE JOANES II MONTANTE MONT.3,-12.6058,-38.4289,,2024-02-09T15:23:11.863+0000,5,"5 - Atlântico, Trecho Leste","50 - RIOS VAZA-BARRIS,ITAPICURU E .",RIO JOANES,BAHIA,SÃO SEBASTIÃO DO PASSÉ,50,50750000,16,16295000,114,114,2017-12-15T10:00:00.000+0000,2024-05-30T20:00:00.000+0000,INEMA-BA,INEMA-BA,Fluviométrica,1,123638250 - AÇUDE JOANES II MONTANTE MONT.3,,False,False,False,S 12° 36' 20.88'',W 38° 25' 44.04'',15/12/2017 à 30/05/2024,,,0.0,290.0,,
"{'horEstacao': 123638250, 'horDataHora': '2021-08-11T10:00:00.000+0000'}",50903260,50903260,50903260,,AÇUDE JOANES II MONTANTE MONT.3,-12.6058,-38.4289,,2024-02-09T15:23:11.863+0000,5,"5 - Atlântico, Trecho Leste","50 - RIOS VAZA-BARRIS,ITAPICURU E .",RIO JOANES,BAHIA,SÃO SEBASTIÃO DO PASSÉ,50,50750000,16,16295000,114,114,2017-12-15T10:00:00.000+0000,2024-05-30T20:00:00.000+0000,INEMA-BA,INEMA-BA,Fluviométrica,1,123638250 - AÇUDE JOANES II MONTANTE MONT.3,,False,False,False,S 12° 36' 20.88'',W 38° 25' 44.04'',15/12/2017 à 30/05/2024,,,0.0,266.0,,
"{'horEstacao': 123638250, 'horDataHora': '2021-08-11T20:00:00.000+0000'}",50903260,50903260,50903260,,AÇUDE JOANES II MONTANTE MONT.3,-12.6058,-38.4289,,2024-02-09T15:23:11.863+0000,5,"5 - Atlântico, Trecho Leste","50 - RIOS VAZA-BARRIS,ITAPICURU E .",RIO JOANES,BAHIA,SÃO SEBASTIÃO DO PASSÉ,50,50750000,16,16295000,114,114,2017-12-15T10:00:00.000+0000,2024-05-30T20:00:00.000+0000,INEMA-BA,INEMA-BA,Fluviométrica,1,123638250 - AÇUDE JOANES II MONTANTE MONT.3,,False,False,False,S 12° 36' 20.88'',W 38° 25' 44.04'',15/12/2017 à 30/05/2024,,,0.0,264.0,,
"{'horEstacao': 123638250, 'horDataHora': '2021-08-12T10:00:00.000+0000'}",50903260,50903260,50903260,,AÇUDE JOANES II MONTANTE MONT.3,-12.6058,-38.4289,,2024-02-09T15:23:11.863+0000,5,"5 - Atlântico, Trecho Leste","50 - RIOS VAZA-BARRIS,ITAPICURU E .",RIO JOANES,BAHIA,SÃO SEBASTIÃO DO PASSÉ,50,50750000,16,16295000,114,114,2017-12-15T10:00:00.000+0000,2024-05-30T20:00:00.000+0000,INEMA-BA,INEMA-BA,Fluviométrica,1,123638250 - AÇUDE JOANES II MONTANTE MONT.3,,False,False,False,S 12° 36' 20.88'',W 38° 25' 44.04'',15/12/2017 à 30/05/2024,,,0.0,260.0,,
"{'horEstacao': 123638250, 'horDataHora': '2021-08-12T20:00:00.000+0000'}",50903260,50903260,50903260,,AÇUDE JOANES II MONTANTE MONT.3,-12.6058,-38.4289,,2024-02-09T15:23:11.863+0000,5,"5 - Atlântico, Trecho Leste","50 - RIOS VAZA-BARRIS,ITAPICURU E .",RIO JOANES,BAHIA,SÃO SEBASTIÃO DO PASSÉ,50,50750000,16,16295000,114,114,2017-12-15T10:00:00.000+0000,2024-05-30T20:00:00.000+0000,INEMA-BA,INEMA-BA,Fluviométrica,1,123638250 - AÇUDE JOANES II MONTANTE MONT.3,,False,False,False,S 12° 36' 20.88'',W 38° 25' 44.04'',15/12/2017 à 30/05/2024,,,0.0,256.0,,
"{'horEstacao': 123638250, 'horDataHora': '2021-08-13T10:00:00.000+0000'}",50903260,50903260,50903260,,AÇUDE JOANES II MONTANTE MONT.3,-12.6058,-38.4289,,2024-02-09T15:23:11.863+0000,5,"5 - Atlântico, Trecho Leste","50 - RIOS VAZA-BARRIS,ITAPICURU E .",RIO JOANES,BAHIA,SÃO SEBASTIÃO DO PASSÉ,50,50750000,16,16295000,114,114,2017-12-15T10:00:00.000+0000,2024-05-30T20:00:00.000+0000,INEMA-BA,INEMA-BA,Fluviométrica,1,123638250 - AÇUDE JOANES II MONTANTE MONT.3,,False,False,False,S 12° 36' 20.88'',W 38° 25' 44.04'',15/12/2017 à 30/05/2024,,,0.0,254.0,,
"{'horEstacao': 123638250, 'horDataHora': '2021-08-13T20:00:00.000+0000'}",50903260,50903260,50903260,,AÇUDE JOANES II MONTANTE MONT.3,-12.6058,-38.4289,,2024-02-09T15:23:11.863+0000,5,"5 - Atlântico, Trecho Leste","50 - RIOS VAZA-BARRIS,ITAPICURU E .",RIO JOANES,BAHIA,SÃO SEBASTIÃO DO PASSÉ,50,50750000,16,16295000,114,114,2017-12-15T10:00:00.000+0000,2024-05-30T20:00:00.000+0000,INEMA-BA,INEMA-BA,Fluviométrica,1,123638250 - AÇUDE JOANES II MONTANTE MONT.3,,False,False,False,S 12° 36' 20.88'',W 38° 25' 44.04'',15/12/2017 à 30/05/2024,,,0.0,256.0,,
"{'horEstacao': 123638250, 'horDataHora': '2021-08-14T10:00:00.000+0000'}",50903260,50903260,50903260,,AÇUDE JOANES II MONTANTE MONT.3,-12.6058,-38.4289,,2024-02-09T15:23:11.863+0000,5,"5 - Atlântico, Trecho Leste","50 - RIOS VAZA-BARRIS,ITAPICURU E .",RIO JOANES,BAHIA,SÃO SEBASTIÃO DO PASSÉ,50,50750000,16,16295000,114,114,2017-12-15T10:00:00.000+0000,2024-05-30T20:00:00.000+0000,INEMA-BA,INEMA-BA,Fluviométrica,1,123638250 - AÇUDE JOANES II MONTANTE MONT.3,,False,False,False,S 12° 36' 20.88'',W 38° 25' 44.04'',15/12/2017 à 30/05/2024,,,0.0,252.0,,
"{'horEstacao': 123638250, 'horDataHora': '2021-08-14T20:00:00.000+0000'}",50903260,50903260,50903260,,AÇUDE JOANES II MONTANTE MONT.3,-12.6058,-38.4289,,2024-02-09T15:23:11.863+0000,5,"5 - Atlântico, Trecho Leste","50 - RIOS VAZA-BARRIS,ITAPICURU E .",RIO JOANES,BAHIA,SÃO SEBASTIÃO DO PASSÉ,50,50750000,16,16295000,114,114,2017-12-15T10:00:00.000+0000,2024-05-30T20:00:00.000+0000,INEMA-BA,INEMA-BA,Fluviométrica,1,123638250 - AÇUDE JOANES II MONTANTE MONT.3,,False,False,False,S 12° 36' 20.88'',W 38° 25' 44.04'',15/12/2017 à 30/05/2024,,,0.0,252.0,,
"{'horEstacao': 123638250, 'horDataHora': '2021-08-15T10:00:00.000+0000'}",50903260,50903260,50903260,,AÇUDE JOANES II MONTANTE MONT.3,-12.6058,-38.4289,,2024-02-09T15:23:11.863+0000,5,"5 - Atlântico, Trecho Leste","50 - RIOS VAZA-BARRIS,ITAPICURU E .",RIO JOANES,BAHIA,SÃO SEBASTIÃO DO PASSÉ,50,50750000,16,16295000,114,114,2017-12-15T10:00:00.000+0000,2024-05-30T20:00:00.000+0000,INEMA-BA,INEMA-BA,Fluviométrica,1,123638250 - AÇUDE JOANES II MONTANTE MONT.3,,False,False,False,S 12° 36' 20.88'',W 38° 25' 44.04'',15/12/2017 à 30/05/2024,,,0.0,252.0,,
"{'horEstacao': 123638250, 'horDataHora': '2021-08-15T20:00:00.000+0000'}",50903260,50903260,50903260,,AÇUDE JOANES II MONTANTE MONT.3,-12.6058,-38.4289,,2024-02-09T15:23:11.863+0000,5,"5 - Atlântico, Trecho Leste","50 - RIOS VAZA-BARRIS,ITAPICURU E .",RIO JOANES,BAHIA,SÃO SEBASTIÃO DO PASSÉ,50,50750000,16,16295000,114,114,2017-12-15T10:00:00.000+0000,2024-05-30T20:00:00.000+0000,INEMA-BA,INEMA-BA,Fluviométrica,1,123638250 - AÇUDE JOANES II MONTANTE MONT.3,,False,False,False,S 12° 36' 20.88'',W 38° 25' 44.04'',15/12/2017 à 30/05/2024,,,0.0,252.0,,
"{'horEstacao': 123638250, 'horDataHora': '2021-08-16T10:00:00.000+0000'}",50903260,50903260,50903260,,AÇUDE JOANES II MONTANTE MONT.3,-12.6058,-38.4289,,2024-02-09T15:23:11.863+0000,5,"5 - Atlântico, Trecho Leste","50 - RIOS VAZA-BARRIS,ITAPICURU E .",RIO JOANES,BAHIA,SÃO SEBASTIÃO DO PASSÉ,50,50750000,16,16295000,114,114,2017-12-15T10:00:00.000+0000,2024-05-30T20:00:00.000+0000,INEMA-BA,INEMA-BA,Fluviométrica,1,123638250 - AÇUDE JOANES II MONTANTE MONT.3,,False,False,False,S 12° 36' 20.88'',W 38° 25' 44.04'',15/12/2017 à 30/05/2024,,,0.0,252.0,,
"{'horEstacao': 123638250, 'horDataHora': '2021-08-16T20:00:00.000+0000'}",50903260,50903260,50903260,,AÇUDE JOANES II MONTANTE MONT.3,-12.6058,-38.4289,,2024-02-09T15:23:11.863+0000,5,"5 - Atlântico, Trecho Leste","50 - RIOS VAZA-BARRIS,ITAPICURU E .",RIO JOANES,BAHIA,SÃO SEBASTIÃO DO PASSÉ,50,50750000,16,16295000,114,114,2017-12-15T10:00:00.000+0000,2024-05-30T20:00:00.000+0000,INEMA-BA,INEMA-BA,Fluviométrica,1,123638250 - AÇUDE JOANES II MONTANTE MONT.3,,False,False,False,S 12° 36' 20.88'',W 38° 25' 44.04'',15/12/2017 à 30/05/2024,,,0.0,252.0,,
"{'horEstacao': 123638250, 'horDataHora': '2021-08-17T10:00:00.000+0000'}",50903260,50903260,50903260,,AÇUDE JOANES II MONTANTE MONT.3,-12.6058,-38.4289,,2024-02-09T15:23:11.863+0000,5,"5 - Atlântico, Trecho Leste","50 - RIOS VAZA-BARRIS,ITAPICURU E .",RIO JOANES,BAHIA,SÃO SEBASTIÃO DO PASSÉ,50,50750000,16,16295000,114,114,2017-12-15T10:00:00.000+0000,2024-05-30T20:00:00.000+0000,INEMA-BA,INEMA-BA,Fluviométrica,1,123638250 - AÇUDE JOANES II MONTANTE MONT.3,,False,False,False,S 12° 36' 20.88'',W 38° 25' 44.04'',15/12/2017 à 30/05/2024,,,0.0,250.0,,
"{'horEstacao': 123638250, 'horDataHora': '2021-08-17T20:00:00.000+0000'}",50903260,50903260,50903260,,AÇUDE JOANES II MONTANTE MONT.3,-12.6058,-38.4289,,2024-02-09T15:23:11.863+0000,5,"5 - Atlântico, Trecho Leste","50 - RIOS VAZA-BARRIS,ITAPICURU E .",RIO JOANES,BAHIA,SÃO SEBASTIÃO DO PASSÉ,50,50750000,16,16295000,114,114,2017-12-15T10:00:00.000+0000,2024-05-30T20:00:00.000+0000,INEMA-BA,INEMA-BA,Fluviométrica,1,123638250 - AÇUDE JOANES II MONTANTE MONT.3,,False,False,False,S 12° 36' 20.88'',W 38° 25' 44.04'',15/12/2017 à 30/05/2024,,,0.0,250.0,,
"{'horEstacao': 123638250, 'horDataHora': '2021-08-18T10:00:00.000+0000'}",50903260,50903260,50903260,,AÇUDE JOANES II MONTANTE MONT.3,-12.6058,-38.4289,,2024-02-09T15:23:11.863+0000,5,"5 - Atlântico, Trecho Leste","50 - RIOS VAZA-BARRIS,ITAPICURU E .",RIO JOANES,BAHIA,SÃO SEBASTIÃO DO PASSÉ,50,50750000,16,16295000,114,114,2017-12-15T10:00:00.000+0000,2024-05-30T20:00:00.000+0000,INEMA-BA,INEMA-BA,Fluviométrica,1,123638250 - AÇUDE JOANES II MONTANTE MONT.3,,False,False,False,S 12° 36' 20.88'',W 38° 25' 44.04'',15/12/2017 à 30/05/2024,,,0.0,250.0,,
"{'horEstacao': 123638250, 'horDataHora': '2021-08-18T20:00:00.000+0000'}",50903260,50903260,50903260,,AÇUDE JOANES II MONTANTE MONT.3,-12.6058,-38.4289,,2024-02-09T15:23:11.863+0000,5,"5 - Atlântico, Trecho Leste","50 - RIOS VAZA-BARRIS,ITAPICURU E .",RIO JOANES,BAHIA,SÃO SEBASTIÃO DO PASSÉ,50,50750000,16,16295000,114,114,2017-12-15T10:00:00.000+0000,2024-05-30T20:00:00.000+0000,INEMA-BA,INEMA-BA,Fluviométrica,1,123638250 - AÇUDE JOANES II MONTANTE MONT.3,,False,False,False,S 12° 36' 20.88'',W 38° 25' 44.04'',15/12/2017 à 30/05/2024,,,0.0,254.0,,
"{'horEstacao': 123638250, 'horDataHora': '2021-08-19T10:00:00.000+0000'}",50903260,50903260,50903260,,AÇUDE JOANES II MONTANTE MONT.3,-12.6058,-38.4289,,2024-02-09T15:23:11.863+0000,5,"5 - Atlântico, Trecho Leste","50 - RIOS VAZA-BARRIS,ITAPICURU E .",RIO JOANES,BAHIA,SÃO SEBASTIÃO DO PASSÉ,50,50750000,16,16295000,114,114,2017-12-15T10:00:00.000+0000,2024-05-30T20:00:00.000+0000,INEMA-BA,INEMA-BA,Fluviométrica,1,123638250 - AÇUDE JOANES II MONTANTE MONT.3,,False,False,False,S 12° 36' 20.88'',W 38° 25' 44.04'',15/12/2017 à 30/05/2024,,,0.0,250.0,,
"{'horEstacao': 123638250, 'horDataHora': '2021-08-19T20:00:00.000+0000'}",50903260,50903260,50903260,,AÇUDE JOANES II MONTANTE MONT.3,-12.6058,-38.4289,,2024-02-09T15:23:11.863+0000,5,"5 - Atlântico, Trecho Leste","50 - RIOS VAZA-BARRIS,ITAPICURU E .",RIO JOANES,BAHIA,SÃO SEBASTIÃO DO PASSÉ,50,50750000,16,16295000,114,114,2017-12-15T10:00:00.000+0000,2024-05-30T20:00:00.000+0000,INEMA-BA,INEMA-BA,Fluviométrica,1,123638250 - AÇUDE JOANES II MONTANTE MONT.3,,False,False,False,S 12° 36' 20.88'',W 38° 25' 44.04'',15/12/2017 à 30/05/2024,,,0.0,250.0,,
"{'horEstacao': 123638250, 'horDataHora': '2021-08-20T10:00:00.000+0000'}",50903260,50903260,50903260,,AÇUDE JOANES II MONTANTE MONT.3,-12.6058,-38.4289,,2024-02-09T15:23:11.863+0000,5,"5 - Atlântico, Trecho Leste","50 - RIOS VAZA-BARRIS,ITAPICURU E .",RIO JOANES,BAHIA,SÃO SEBASTIÃO DO PASSÉ,50,50750000,16,16295000,114,114,2017-12-15T10:00:00.000+0000,2024-05-30T20:00:00.000+0000,INEMA-BA,INEMA-BA,Fluviométrica,1,123638250 - AÇUDE JOANES II MONTANTE MONT.3,,False,False,False,S 12° 36' 20.88'',W 38° 25' 44.04'',15/12/2017 à 30/05/2024,,,0.0,248.0,,
"{'horEstacao': 123638250, 'horDataHora': '2021-08-20T20:00:00.000+0000'}",50903260,50903260,50903260,,AÇUDE JOANES II MONTANTE MONT.3,-12.6058,-38.4289,,2024-02-09T15:23:11.863+0000,5,"5 - Atlântico, Trecho Leste","50 - RIOS VAZA-BARRIS,ITAPICURU E .",RIO JOANES,BAHIA,SÃO SEBASTIÃO DO PASSÉ,50,50750000,16,16295000,114,114,2017-12-15T10:00:00.000+0000,2024-05-30T20:00:00.000+0000,INEMA-BA,INEMA-BA,Fluviométrica,1,123638250 - AÇUDE JOANES II MONTANTE MONT.3,,False,False,False,S 12° 36' 20.88'',W 38° 25' 44.04'',15/12/2017 à 30/05/2024,,,0.0,248.0,,
"{'horEstacao': 123638250, 'horDataHora': '2021-08-21T10:00:00.000+0000'}",50903260,50903260,50903260,,AÇUDE JOANES II MONTANTE MONT.3,-12.6058,-38.4289,,2024-02-09T15:23:11.863+0000,5,"5 - Atlântico, Trecho Leste","50 - RIOS VAZA-BARRIS,ITAPICURU E .",RIO JOANES,BAHIA,SÃO SEBASTIÃO DO PASSÉ,50,50750000,16,16295000,114,114,2017-12-15T10:00:00.000+0000,2024-05-30T20:00:00.000+0000,INEMA-BA,INEMA-BA,Fluviométrica,1,123638250 - AÇUDE JOANES II MONTANTE MONT.3,,False,False,False,S 12° 36' 20.88'',W 38° 25' 44.04'',15/12/2017 à 30/05/2024,,,0.0,248.0,,
"{'horEstacao': 123638250, 'horDataHora': '2021-08-21T20:00:00.000+0000'}",50903260,50903260,50903260,,AÇUDE JOANES II MONTANTE MONT.3,-12.6058,-38.4289,,2024-02-09T15:23:11.863+0000,5,"5 - Atlântico, Trecho Leste","50 - RIOS VAZA-BARRIS,ITAPICURU E .",RIO JOANES,BAHIA,SÃO SEBASTIÃO DO PASSÉ,50,50750000,16,16295000,114,114,2017-12-15T10:00:00.000+0000,2024-05-30T20:00:00.000+0000,INEMA-BA,INEMA-BA,Fluviométrica,1,123638250 - AÇUDE JOANES II MONTANTE MONT.3,,False,False,False,S 12° 36' 20.88'',W 38° 25' 44.04'',15/12/2017 à 30/05/2024,,,0.0,248.0,,
"{'horEstacao': 123638250, 'horDataHora': '2021-08-22T10:00:00.000+0000'}",50903260,50903260,50903260,,AÇUDE JOANES II MONTANTE MONT.3,-12.6058,-38.4289,,2024-02-09T15:23:11.863+0000,5,"5 - Atlântico, Trecho Leste","50 - RIOS VAZA-BARRIS,ITAPICURU E .",RIO JOANES,BAHIA,SÃO SEBASTIÃO DO PASSÉ,50,50750000,16,16295000,114,114,2017-12-15T10:00:00.000+0000,2024-05-30T20:00:00.000+0000,INEMA-BA,INEMA-BA,Fluviométrica,1,123638250 - AÇUDE JOANES II MONTANTE MONT.3,,False,False,False,S 12° 36' 20.88'',W 38° 25' 44.04'',15/12/2017 à 30/05/2024,,,0.0,248.0,,
"{'horEstacao': 123638250, 'horDataHora': '2021-08-22T20:00:00.000+0000'}",50903260,50903260,50903260,,AÇUDE JOANES II MONTANTE MONT.3,-12.6058,-38.4289,,2024-02-09T15:23:11.863+0000,5,"5 - Atlântico, Trecho Leste","50 - RIOS VAZA-BARRIS,ITAPICURU E .",RIO JOANES,BAHIA,SÃO SEBASTIÃO DO PASSÉ,50,50750000,16,16295000,114,114,2017-12-15T10:00:00.000+0000,2024-05-30T20:00:00.000+0000,INEMA-BA,INEMA-BA,Fluviométrica,1,123638250 - AÇUDE JOANES II MONTANTE MONT.3,,False,False,False,S 12° 36' 20.88'',W 38° 25' 44.04'',15/12/2017 à 30/05/2024,,,0.0,249.0,,
"{'horEstacao': 123638250, 'horDataHora': '2021-08-23T10:00:00.000+0000'}",50903260,50903260,50903260,,AÇUDE JOANES II MONTANTE MONT.3,-12.6058,-38.4289,,2024-02-09T15:23:11.863+0000,5,"5 - Atlântico, Trecho Leste","50 - RIOS VAZA-BARRIS,ITAPICURU E .",RIO JOANES,BAHIA,SÃO SEBASTIÃO DO PASSÉ,50,50750000,16,16295000,114,114,2017-12-15T10:00:00.000+0000,2024-05-30T20:00:00.000+0000,INEMA-BA,INEMA-BA,Fluviométrica,1,123638250 - AÇUDE JOANES II MONTANTE MONT.3,,False,False,False,S 12° 36' 20.88'',W 38° 25' 44.04'',15/12/2017 à 30/05/2024,,,0.0,256.0,,
"{'horEstacao': 123638250, 'horDataHora': '2021-08-23T20:00:00.000+0000'}",50903260,50903260,50903260,,AÇUDE JOANES II MONTANTE MONT.3,-12.6058,-38.4289,,2024-02-09T15:23:11.863+0000,5,"5 - Atlântico, Trecho Leste","50 - RIOS VAZA-BARRIS,ITAPICURU E .",RIO JOANES,BAHIA,SÃO SEBASTIÃO DO PASSÉ,50,50750000,16,16295000,114,114,2017-12-15T10:00:00.000+0000,2024-05-30T20:00:00.000+0000,INEMA-BA,INEMA-BA,Fluviométrica,1,123638250 - AÇUDE JOANES II MONTANTE MONT.3,,False,False,False,S 12° 36' 20.88'',W 38° 25' 44.04'',15/12/2017 à 30/05/2024,,,0.0,256.0,,
"{'horEstacao': 123638250, 'horDataHora': '2021-08-24T10:00:00.000+0000'}",50903260,50903260,50903260,,AÇUDE JOANES II MONTANTE MONT.3,-12.6058,-38.4289,,2024-02-09T15:23:11.863+0000,5,"5 - Atlântico, Trecho Leste","50 - RIOS VAZA-BARRIS,ITAPICURU E .",RIO JOANES,BAHIA,SÃO SEBASTIÃO DO PASSÉ,50,50750000,16,16295000,114,114,2017-12-15T10:00:00.000+0000,2024-05-30T20:00:00.000+0000,INEMA-BA,INEMA-BA,Fluviométrica,1,123638250 - AÇUDE JOANES II MONTANTE MONT.3,,False,False,False,S 12° 36' 20.88'',W 38° 25' 44.04'',15/12/2017 à 30/05/2024,,,0.0,234.0,,
"{'horEstacao': 123638250, 'horDataHora': '2021-08-24T20:00:00.000+0000'}",50903260,50903260,50903260,,AÇUDE JOANES II MONTANTE MONT.3,-12.6058,-38.4289,,2024-02-09T15:23:11.863+0000,5,"5 - Atlântico, Trecho Leste","50 - RIOS VAZA-BARRIS,ITAPICURU E .",RIO JOANES,BAHIA,SÃO SEBASTIÃO DO PASSÉ,50,50750000,16,16295000,114,114,2017-12-15T10:00:00.000+0000,2024-05-30T20:00:00.000+0000,INEMA-BA,INEMA-BA,Fluviométrica,1,123638250 - AÇUDE JOANES II MONTANTE MONT.3,,False,False,False,S 12° 36' 20.88'',W 38° 25' 44.04'',15/12/2017 à 30/05/2024,,,0.0,234.0,,
"{'horEstacao': 123638250, 'horDataHora': '2021-08-25T10:00:00.000+0000'}",50903260,50903260,50903260,,AÇUDE JOANES II MONTANTE MONT.3,-12.6058,-38.4289,,2024-02-09T15:23:11.863+0000,5,"5 - Atlântico, Trecho Leste","50 - RIOS VAZA-BARRIS,ITAPICURU E .",RIO JOANES,BAHIA,SÃO SEBASTIÃO DO PASSÉ,50,50750000,16,16295000,114,114,2017-12-15T10:00:00.000+0000,2024-05-30T20:00:00.000+0000,INEMA-BA,INEMA-BA,Fluviométrica,1,123638250 - AÇUDE JOANES II MONTANTE MONT.3,,False,False,False,S 12° 36' 20.88'',W 38° 25' 44.04'',15/12/2017 à 30/05/2024,,,0.0,256.0,,
"{'horEstacao': 123638250, 'horDataHora': '2021-08-25T20:00:00.000+0000'}",50903260,50903260,50903260,,AÇUDE JOANES II MONTANTE MONT.3,-12.6058,-38.4289,,2024-02-09T15:23:11.863+0000,5,"5 - Atlântico, Trecho Leste","50 - RIOS VAZA-BARRIS,ITAPICURU E .",RIO JOANES,BAHIA,SÃO SEBASTIÃO DO PASSÉ,50,50750000,16,16295000,114,114,2017-12-15T10:00:00.000+0000,2024-05-30T20:00:00.000+0000,INEMA-BA,INEMA-BA,Fluviométrica,1,123638250 - AÇUDE JOANES II MONTANTE MONT.3,,False,False,False,S 12° 36' 20.88'',W 38° 25' 44.04'',15/12/2017 à 30/05/2024,,,0.0,256.0,,
"{'horEstacao': 123638250, 'horDataHora': '2021-08-26T10:00:00.000+0000'}",50903260,50903260,50903260,,AÇUDE JOANES II MONTANTE MONT.3,-12.6058,-38.4289,,2024-02-09T15:23:11.863+0000,5,"5 - Atlântico, Trecho Leste","50 - RIOS VAZA-BARRIS,ITAPICURU E .",RIO JOANES,BAHIA,SÃO SEBASTIÃO DO PASSÉ,50,50750000,16,16295000,114,114,2017-12-15T10:00:00.000+0000,2024-05-30T20:00:00.000+0000,INEMA-BA,INEMA-BA,Fluviométrica,1,123638250 - AÇUDE JOANES II MONTANTE MONT.3,,False,False,False,S 12° 36' 20.88'',W 38° 25' 44.04'',15/12/2017 à 30/05/2024,,,0.0,256.0,,
"{'horEstacao': 123638250, 'horDataHora': '2021-08-26T20:00:00.000+0000'}",50903260,50903260,50903260,,AÇUDE JOANES II MONTANTE MONT.3,-12.6058,-38.4289,,2024-02-09T15:23:11.863+0000,5,"5 - Atlântico, Trecho Leste","50 - RIOS VAZA-BARRIS,ITAPICURU E .",RIO JOANES,BAHIA,SÃO SEBASTIÃO DO PASSÉ,50,50750000,16,16295000,114,114,2017-12-15T10:00:00.000+0000,2024-05-30T20:00:00.000+0000,INEMA-BA,INEMA-BA,Fluviométrica,1,123638250 - AÇUDE JOANES II MONTANTE MONT.3,,False,False,False,S 12° 36' 20.88'',W 38° 25' 44.04'',15/12/2017 à 30/05/2024,,,0.0,256.0,,
"{'horEstacao': 123638250, 'horDataHora': '2021-08-27T10:00:00.000+0000'}",50903260,50903260,50903260,,AÇUDE JOANES II MONTANTE MONT.3,-12.6058,-38.4289,,2024-02-09T15:23:11.863+0000,5,"5 - Atlântico, Trecho Leste","50 - RIOS VAZA-BARRIS,ITAPICURU E .",RIO JOANES,BAHIA,SÃO SEBASTIÃO DO PASSÉ,50,50750000,16,16295000,114,114,2017-12-15T10:00:00.000+0000,2024-05-30T20:00:00.000+0000,INEMA-BA,INEMA-BA,Fluviométrica,1,123638250 - AÇUDE JOANES II MONTANTE MONT.3,,False,False,False,S 12° 36' 20.88'',W 38° 25' 44.04'',15/12/2017 à 30/05/2024,,,0.0,254.0,,
"{'horEstacao': 123638250, 'horDataHora': '2021-08-27T20:00:00.000+0000'}",50903260,50903260,50903260,,AÇUDE JOANES II MONTANTE MONT.3,-12.6058,-38.4289,,2024-02-09T15:23:11.863+0000,5,"5 - Atlântico, Trecho Leste","50 - RIOS VAZA-BARRIS,ITAPICURU E .",RIO JOANES,BAHIA,SÃO SEBASTIÃO DO PASSÉ,50,50750000,16,16295000,114,114,2017-12-15T10:00:00.000+0000,2024-05-30T20:00:00.000+0000,INEMA-BA,INEMA-BA,Fluviométrica,1,123638250 - AÇUDE JOANES II MONTANTE MONT.3,,False,False,False,S 12° 36' 20.88'',W 38° 25' 44.04'',15/12/2017 à 30/05/2024,,,0.0,254.0,,
"{'horEstacao': 123638250, 'horDataHora': '2021-08-28T10:00:00.000+0000'}",50903260,50903260,50903260,,AÇUDE JOANES II MONTANTE MONT.3,-12.6058,-38.4289,,2024-02-09T15:23:11.863+0000,5,"5 - Atlântico, Trecho Leste","50 - RIOS VAZA-BARRIS,ITAPICURU E .",RIO JOANES,BAHIA,SÃO SEBASTIÃO DO PASSÉ,50,50750000,16,16295000,114,114,2017-12-15T10:00:00.000+0000,2024-05-30T20:00:00.000+0000,INEMA-BA,INEMA-BA,Fluviométrica,1,123638250 - AÇUDE JOANES II MONTANTE MONT.3,,False,False,False,S 12° 36' 20.88'',W 38° 25' 44.04'',15/12/2017 à 30/05/2024,,,0.0,254.0,,
"{'horEstacao': 123638250, 'horDataHora': '2021-08-28T20:00:00.000+0000'}",50903260,50903260,50903260,,AÇUDE JOANES II MONTANTE MONT.3,-12.6058,-38.4289,,2024-02-09T15:23:11.863+0000,5,"5 - Atlântico, Trecho Leste","50 - RIOS VAZA-BARRIS,ITAPICURU E .",RIO JOANES,BAHIA,SÃO SEBASTIÃO DO PASSÉ,50,50750000,16,16295000,114,114,2017-12-15T10:00:00.000+0000,2024-05-30T20:00:00.000+0000,INEMA-BA,INEMA-BA,Fluviométrica,1,123638250 - AÇUDE JOANES II MONTANTE MONT.3,,False,False,False,S 12° 36' 20.88'',W 38° 25' 44.04'',15/12/2017 à 30/05/2024,,,0.0,254.0,,
"{'horEstacao': 123638250, 'horDataHora': '2021-08-29T10:00:00.000+0000'}",50903260,50903260,50903260,,AÇUDE JOANES II MONTANTE MONT.3,-12.6058,-38.4289,,2024-02-09T15:23:11.863+0000,5,"5 - Atlântico, Trecho Leste","50 - RIOS VAZA-BARRIS,ITAPICURU E .",RIO JOANES,BAHIA,SÃO SEBASTIÃO DO PASSÉ,50,50750000,16,16295000,114,114,2017-12-15T10:00:00.000+0000,2024-05-30T20:00:00.000+0000,INEMA-BA,INEMA-BA,Fluviométrica,1,123638250 - AÇUDE JOANES II MONTANTE MONT.3,,False,False,False,S 12° 36' 20.88'',W 38° 25' 44.04'',15/12/2017 à 30/05/2024,,,0.0,252.0,,
"{'horEstacao': 123638250, 'horDataHora': '2021-08-29T20:00:00.000+0000'}",50903260,50903260,50903260,,AÇUDE JOANES II MONTANTE MONT.3,-12.6058,-38.4289,,2024-02-09T15:23:11.863+0000,5,"5 - Atlântico, Trecho Leste","50 - RIOS VAZA-BARRIS,ITAPICURU E .",RIO JOANES,BAHIA,SÃO SEBASTIÃO DO PASSÉ,50,50750000,16,16295000,114,114,2017-12-15T10:00:00.000+0000,2024-05-30T20:00:00.000+0000,INEMA-BA,INEMA-BA,Fluviométrica,1,123638250 - AÇUDE JOANES II MONTANTE MONT.3,,False,False,False,S 12° 36' 20.88'',W 38° 25' 44.04'',15/12/2017 à 30/05/2024,,,0.0,252.0,,
"{'horEstacao': 123638250, 'horDataHora': '2021-08-30T10:00:00.000+0000'}",50903260,50903260,50903260,,AÇUDE JOANES II MONTANTE MONT.3,-12.6058,-38.4289,,2024-02-09T15:23:11.863+0000,5,"5 - Atlântico, Trecho Leste","50 - RIOS VAZA-BARRIS,ITAPICURU E .",RIO JOANES,BAHIA,SÃO SEBASTIÃO DO PASSÉ,50,50750000,16,16295000,114,114,2017-12-15T10:00:00.000+0000,2024-05-30T20:00:00.000+0000,INEMA-BA,INEMA-BA,Fluviométrica,1,123638250 - AÇUDE JOANES II MONTANTE MONT.3,,False,False,False,S 12° 36' 20.88'',W 38° 25' 44.04'',15/12/2017 à 30/05/2024,,,0.0,250.0,,
"{'horEstacao': 123638250, 'horDataHora': '2021-08-30T20:00:00.000+0000'}",50903260,50903260,50903260,,AÇUDE JOANES II MONTANTE MONT.3,-12.6058,-38.4289,,2024-02-09T15:23:11.863+0000,5,"5 - Atlântico, Trecho Leste","50 - RIOS VAZA-BARRIS,ITAPICURU E .",RIO JOANES,BAHIA,SÃO SEBASTIÃO DO PASSÉ,50,50750000,16,16295000,114,114,2017-12-15T10:00:00.000+0000,2024-05-30T20:00:00.000+0000,INEMA-BA,INEMA-BA,Fluviométrica,1,123638250 - AÇUDE JOANES II MONTANTE MONT.3,,False,False,False,S 12° 36' 20.88'',W 38° 25' 44.04'',15/12/2017 à 30/05/2024,,,0.0,250.0,,
"{'horEstacao': 123638250, 'horDataHora': '2021-08-31T10:00:00.000+0000'}",50903260,50903260,50903260,,AÇUDE JOANES II MONTANTE MONT.3,-12.6058,-38.4289,,2024-02-09T15:23:11.863+0000,5,"5 - Atlântico, Trecho Leste","50 - RIOS VAZA-BARRIS,ITAPICURU E .",RIO JOANES,BAHIA,SÃO SEBASTIÃO DO PASSÉ,50,50750000,16,16295000,114,114,2017-12-15T10:00:00.000+0000,2024-05-30T20:00:00.000+0000,INEMA-BA,INEMA-BA,Fluviométrica,1,123638250 - AÇUDE JOANES II MONTANTE MONT.3,,False,False,False,S 12° 36' 20.88'',W 38° 25' 44.04'',15/12/2017 à 30/05/2024,,,0.0,250.0,,
"{'horEstacao': 123638250, 'horDataHora': '2021-08-31T20:00:00.000+0000'}",50903260,50903260,50903260,,AÇUDE JOANES II MONTANTE MONT.3,-12.6058,-38.4289,,2024-02-09T15:23:11.863+0000,5,"5 - Atlântico, Trecho Leste","50 - RIOS VAZA-BARRIS,ITAPICURU E .",RIO JOANES,BAHIA,SÃO SEBASTIÃO DO PASSÉ,50,50750000,16,16295000,114,114,2017-12-15T10:00:00.000+0000,2024-05-30T20:00:00.000+0000,INEMA-BA,INEMA-BA,Fluviométrica,1,123638250 - AÇUDE JOANES II MONTANTE MONT.3,,False,False,False,S 12° 36' 20.88'',W 38° 25' 44.04'',15/12/2017 à 30/05/2024,,,0.0,250.0,,
"{'horEstacao': 123638250, 'horDataHora': '2021-09-01T10:00:00.000+0000'}",50903260,50903260,50903260,,AÇUDE JOANES II MONTANTE MONT.3,-12.6058,-38.4289,,2024-02-09T15:23:11.863+0000,5,"5 - Atlântico, Trecho Leste","50 - RIOS VAZA-BARRIS,ITAPICURU E .",RIO JOANES,BAHIA,SÃO SEBASTIÃO DO PASSÉ,50,50750000,16,16295000,114,114,2017-12-15T10:00:00.000+0000,2024-05-30T20:00:00.000+0000,INEMA-BA,INEMA-BA,Fluviométrica,1,123638250 - AÇUDE JOANES II MONTANTE MONT.3,,False,False,False,S 12° 36' 20.88'',W 38° 25' 44.04'',15/12/2017 à 30/05/2024,,,0.0,252.0,,
"{'horEstacao': 123638250, 'horDataHora': '2021-09-01T20:00:00.000+0000'}",50903260,50903260,50903260,,AÇUDE JOANES II MONTANTE MONT.3,-12.6058,-38.4289,,2024-02-09T15:23:11.863+0000,5,"5 - Atlântico, Trecho Leste","50 - RIOS VAZA-BARRIS,ITAPICURU E .",RIO JOANES,BAHIA,SÃO SEBASTIÃO DO PASSÉ,50,50750000,16,16295000,114,114,2017-12-15T10:00:00.000+0000,2024-05-30T20:00:00.000+0000,INEMA-BA,INEMA-BA,Fluviométrica,1,123638250 - AÇUDE JOANES II MONTANTE MONT.3,,False,False,False,S 12° 36' 20.88'',W 38° 25' 44.04'',15/12/2017 à 30/05/2024,,,0.0,252.0,,
"{'horEstacao': 123638250, 'horDataHora': '2021-09-02T10:00:00.000+0000'}",50903260,50903260,50903260,,AÇUDE JOANES II MONTANTE MONT.3,-12.6058,-38.4289,,2024-02-09T15:23:11.863+0000,5,"5 - Atlântico, Trecho Leste","50 - RIOS VAZA-BARRIS,ITAPICURU E .",RIO JOANES,BAHIA,SÃO SEBASTIÃO DO PASSÉ,50,50750000,16,16295000,114,114,2017-12-15T10:00:00.000+0000,2024-05-30T20:00:00.000+0000,INEMA-BA,INEMA-BA,Fluviométrica,1,123638250 - AÇUDE JOANES II MONTANTE MONT.3,,False,False,False,S 12° 36' 20.88'',W 38° 25' 44.04'',15/12/2017 à 30/05/2024,,,0.0,366.0,,
"{'horEstacao': 123638250, 'horDataHora': '2021-09-02T20:00:00.000+0000'}",50903260,50903260,50903260,,AÇUDE JOANES II MONTANTE MONT.3,-12.6058,-38.4289,,2024-02-09T15:23:11.863+0000,5,"5 - Atlântico, Trecho Leste","50 - RIOS VAZA-BARRIS,ITAPICURU E .",RIO JOANES,BAHIA,SÃO SEBASTIÃO DO PASSÉ,50,50750000,16,16295000,114,114,2017-12-15T10:00:00.000+0000,2024-05-30T20:00:00.000+0000,INEMA-BA,INEMA-BA,Fluviométrica,1,123638250 - AÇUDE JOANES II MONTANTE MONT.3,,False,False,False,S 12° 36' 20.88'',W 38° 25' 44.04'',15/12/2017 à 30/05/2024,,,0.0,354.0,,
"{'horEstacao': 123638250, 'horDataHora': '2021-09-03T10:00:00.000+0000'}",50903260,50903260,50903260,,AÇUDE JOANES II MONTANTE MONT.3,-12.6058,-38.4289,,2024-02-09T15:23:11.863+0000,5,"5 - Atlântico, Trecho Leste","50 - RIOS VAZA-BARRIS,ITAPICURU E .",RIO JOANES,BAHIA,SÃO SEBASTIÃO DO PASSÉ,50,50750000,16,16295000,114,114,2017-12-15T10:00:00.000+0000,2024-05-30T20:00:00.000+0000,INEMA-BA,INEMA-BA,Fluviométrica,1,123638250 - AÇUDE JOANES II MONTANTE MONT.3,,False,False,False,S 12° 36' 20.88'',W 38° 25' 44.04'',15/12/2017 à 30/05/2024,,,0.0,278.0,,
"{'horEstacao': 123638250, 'horDataHora': '2021-09-03T20:00:00.000+0000'}",50903260,50903260,50903260,,AÇUDE JOANES II MONTANTE MONT.3,-12.6058,-38.4289,,2024-02-09T15:23:11.863+0000,5,"5 - Atlântico, Trecho Leste","50 - RIOS VAZA-BARRIS,ITAPICURU E .",RIO JOANES,BAHIA,SÃO SEBASTIÃO DO PASSÉ,50,50750000,16,16295000,114,114,2017-12-15T10:00:00.000+0000,2024-05-30T20:00:00.000+0000,INEMA-BA,INEMA-BA,Fluviométrica,1,123638250 - AÇUDE JOANES II MONTANTE MONT.3,,False,False,False,S 12° 36' 20.88'',W 38° 25' 44.04'',15/12/2017 à 30/05/2024,,,0.0,270.0,,
"{'horEstacao': 123638250, 'horDataHora': '2021-09-04T10:00:00.000+0000'}",50903260,50903260,50903260,,AÇUDE JOANES II MONTANTE MONT.3,-12.6058,-38.4289,,2024-02-09T15:23:11.863+0000,5,"5 - Atlântico, Trecho Leste","50 - RIOS VAZA-BARRIS,ITAPICURU E .",RIO JOANES,BAHIA,SÃO SEBASTIÃO DO PASSÉ,50,50750000,16,16295000,114,114,2017-12-15T10:00:00.000+0000,2024-05-30T20:00:00.000+0000,INEMA-BA,INEMA-BA,Fluviométrica,1,123638250 - AÇUDE JOANES II MONTANTE MONT.3,,False,False,False,S 12° 36' 20.88'',W 38° 25' 44.04'',15/12/2017 à 30/05/2024,,,0.0,252.0,,
"{'horEstacao': 123638250, 'horDataHora': '2021-09-04T20:00:00.000+0000'}",50903260,50903260,50903260,,AÇUDE JOANES II MONTANTE MONT.3,-12.6058,-38.4289,,2024-02-09T15:23:11.863+0000,5,"5 - Atlântico, Trecho Leste","50 - RIOS VAZA-BARRIS,ITAPICURU E .",RIO JOANES,BAHIA,SÃO SEBASTIÃO DO PASSÉ,50,50750000,16,16295000,114,114,2017-12-15T10:00:00.000+0000,2024-05-30T20:00:00.000+0000,INEMA-BA,INEMA-BA,Fluviométrica,1,123638250 - AÇUDE JOANES II MONTANTE MONT.3,,False,False,False,S 12° 36' 20.88'',W 38° 25' 44.04'',15/12/2017 à 30/05/2024,,,0.0,258.0,,
"{'horEstacao': 123638250, 'horDataHora': '2021-09-05T10:00:00.000+0000'}",50903260,50903260,50903260,,AÇUDE JOANES II MONTANTE MONT.3,-12.6058,-38.4289,,2024-02-09T15:23:11.863+0000,5,"5 - Atlântico, Trecho Leste","50 - RIOS VAZA-BARRIS,ITAPICURU E .",RIO JOANES,BAHIA,SÃO SEBASTIÃO DO PASSÉ,50,50750000,16,16295000,114,114,2017-12-15T10:00:00.000+0000,2024-05-30T20:00:00.000+0000,INEMA-BA,INEMA-BA,Fluviométrica,1,123638250 - AÇUDE JOANES II MONTANTE MONT.3,,False,False,False,S 12° 36' 20.88'',W 38° 25' 44.04'',15/12/2017 à 30/05/2024,,,0.0,254.0,,
"{'horEstacao': 123638250, 'horDataHora': '2021-09-05T20:00:00.000+0000'}",50903260,50903260,50903260,,AÇUDE JOANES II MONTANTE MONT.3,-12.6058,-38.4289,,2024-02-09T15:23:11.863+0000,5,"5 - Atlântico, Trecho Leste","50 - RIOS VAZA-BARRIS,ITAPICURU E .",RIO JOANES,BAHIA,SÃO SEBASTIÃO DO PASSÉ,50,50750000,16,16295000,114,114,2017-12-15T10:00:00.000+0000,2024-05-30T20:00:00.000+0000,INEMA-BA,INEMA-BA,Fluviométrica,1,123638250 - AÇUDE JOANES II MONTANTE MONT.3,,False,False,False,S 12° 36' 20.88'',W 38° 25' 44.04'',15/12/2017 à 30/05/2024,,,0.0,252.0,,
"{'horEstacao': 123638250, 'horDataHora': '2021-09-06T10:00:00.000+0000'}",50903260,50903260,50903260,,AÇUDE JOANES II MONTANTE MONT.3,-12.6058,-38.4289,,2024-02-09T15:23:11.863+0000,5,"5 - Atlântico, Trecho Leste","50 - RIOS VAZA-BARRIS,ITAPICURU E .",RIO JOANES,BAHIA,SÃO SEBASTIÃO DO PASSÉ,50,50750000,16,16295000,114,114,2017-12-15T10:00:00.000+0000,2024-05-30T20:00:00.000+0000,INEMA-BA,INEMA-BA,Fluviométrica,1,123638250 - AÇUDE JOANES II MONTANTE MONT.3,,False,False,False,S 12° 36' 20.88'',W 38° 25' 44.04'',15/12/2017 à 30/05/2024,,,0.0,250.0,,
"{'horEstacao': 123638250, 'horDataHora': '2021-09-06T20:00:00.000+0000'}",50903260,50903260,50903260,,AÇUDE JOANES II MONTANTE MONT.3,-12.6058,-38.4289,,2024-02-09T15:23:11.863+0000,5,"5 - Atlântico, Trecho Leste","50 - RIOS VAZA-BARRIS,ITAPICURU E .",RIO JOANES,BAHIA,SÃO SEBASTIÃO DO PASSÉ,50,50750000,16,16295000,114,114,2017-12-15T10:00:00.000+0000,2024-05-30T20:00:00.000+0000,INEMA-BA,INEMA-BA,Fluviométrica,1,123638250 - AÇUDE JOANES II MONTANTE MONT.3,,False,False,False,S 12° 36' 20.88'',W 38° 25' 44.04'',15/12/2017 à 30/05/2024,,,0.0,250.0,,
"{'horEstacao': 123638250, 'horDataHora': '2021-09-07T10:00:00.000+0000'}",50903260,50903260,50903260,,AÇUDE JOANES II MONTANTE MONT.3,-12.6058,-38.4289,,2024-02-09T15:23:11.863+0000,5,"5 - Atlântico, Trecho Leste","50 - RIOS VAZA-BARRIS,ITAPICURU E .",RIO JOANES,BAHIA,SÃO SEBASTIÃO DO PASSÉ,50,50750000,16,16295000,114,114,2017-12-15T10:00:00.000+0000,2024-05-30T20:00:00.000+0000,INEMA-BA,INEMA-BA,Fluviométrica,1,123638250 - AÇUDE JOANES II MONTANTE MONT.3,,False,False,False,S 12° 36' 20.88'',W 38° 25' 44.04'',15/12/2017 à 30/05/2024,,,0.0,248.0,,
"{'horEstacao': 123638250, 'horDataHora': '2021-09-07T20:00:00.000+0000'}",50903260,50903260,50903260,,AÇUDE JOANES II MONTANTE MONT.3,-12.6058,-38.4289,,2024-02-09T15:23:11.863+0000,5,"5 - Atlântico, Trecho Leste","50 - RIOS VAZA-BARRIS,ITAPICURU E .",RIO JOANES,BAHIA,SÃO SEBASTIÃO DO PASSÉ,50,50750000,16,16295000,114,114,2017-12-15T10:00:00.000+0000,2024-05-30T20:00:00.000+0000,INEMA-BA,INEMA-BA,Fluviométrica,1,123638250 - AÇUDE JOANES II MONTANTE MONT.3,,False,False,False,S 12° 36' 20.88'',W 38° 25' 44.04'',15/12/2017 à 30/05/2024,,,0.0,248.0,,
"{'horEstacao': 123638250, 'horDataHora': '2021-09-08T10:00:00.000+0000'}",50903260,50903260,50903260,,AÇUDE JOANES II MONTANTE MONT.3,-12.6058,-38.4289,,2024-02-09T15:23:11.863+0000,5,"5 - Atlântico, Trecho Leste","50 - RIOS VAZA-BARRIS,ITAPICURU E .",RIO JOANES,BAHIA,SÃO SEBASTIÃO DO PASSÉ,50,50750000,16,16295000,114,114,2017-12-15T10:00:00.000+0000,2024-05-30T20:00:00.000+0000,INEMA-BA,INEMA-BA,Fluviométrica,1,123638250 - AÇUDE JOANES II MONTANTE MONT.3,,False,False,False,S 12° 36' 20.88'',W 38° 25' 44.04'',15/12/2017 à 30/05/2024,,,0.0,250.0,,
"{'horEstacao': 123638250, 'horDataHora': '2021-09-08T20:00:00.000+0000'}",50903260,50903260,50903260,,AÇUDE JOANES II MONTANTE MONT.3,-12.6058,-38.4289,,2024-02-09T15:23:11.863+0000,5,"5 - Atlântico, Trecho Leste","50 - RIOS VAZA-BARRIS,ITAPICURU E .",RIO JOANES,BAHIA,SÃO SEBASTIÃO DO PASSÉ,50,50750000,16,16295000,114,114,2017-12-15T10:00:00.000+0000,2024-05-30T20:00:00.000+0000,INEMA-BA,INEMA-BA,Fluviométrica,1,123638250 - AÇUDE JOANES II MONTANTE MONT.3,,False,False,False,S 12° 36' 20.88'',W 38° 25' 44.04'',15/12/2017 à 30/05/2024,,,0.0,250.0,,
"{'horEstacao': 123638250, 'horDataHora': '2021-09-09T10:00:00.000+0000'}",50903260,50903260,50903260,,AÇUDE JOANES II MONTANTE MONT.3,-12.6058,-38.4289,,2024-02-09T15:23:11.863+0000,5,"5 - Atlântico, Trecho Leste","50 - RIOS VAZA-BARRIS,ITAPICURU E .",RIO JOANES,BAHIA,SÃO SEBASTIÃO DO PASSÉ,50,50750000,16,16295000,114,114,2017-12-15T10:00:00.000+0000,2024-05-30T20:00:00.000+0000,INEMA-BA,INEMA-BA,Fluviométrica,1,123638250 - AÇUDE JOANES II MONTANTE MONT.3,,False,False,False,S 12° 36' 20.88'',W 38° 25' 44.04'',15/12/2017 à 30/05/2024,,,0.0,250.0,,
"{'horEstacao': 123638250, 'horDataHora': '2021-09-09T20:00:00.000+0000'}",50903260,50903260,50903260,,AÇUDE JOANES II MONTANTE MONT.3,-12.6058,-38.4289,,2024-02-09T15:23:11.863+0000,5,"5 - Atlântico, Trecho Leste","50 - RIOS VAZA-BARRIS,ITAPICURU E .",RIO JOANES,BAHIA,SÃO SEBASTIÃO DO PASSÉ,50,50750000,16,16295000,114,114,2017-12-15T10:00:00.000+0000,2024-05-30T20:00:00.000+0000,INEMA-BA,INEMA-BA,Fluviométrica,1,123638250 - AÇUDE JOANES II MONTANTE MONT.3,,False,False,False,S 12° 36' 20.88'',W 38° 25' 44.04'',15/12/2017 à 30/05/2024,,,0.0,250.0,,
"{'horEstacao': 123638250, 'horDataHora': '2021-09-10T10:00:00.000+0000'}",50903260,50903260,50903260,,AÇUDE JOANES II MONTANTE MONT.3,-12.6058,-38.4289,,2024-02-09T15:23:11.863+0000,5,"5 - Atlântico, Trecho Leste","50 - RIOS VAZA-BARRIS,ITAPICURU E .",RIO JOANES,BAHIA,SÃO SEBASTIÃO DO PASSÉ,50,50750000,16,16295000,114,114,2017-12-15T10:00:00.000+0000,2024-05-30T20:00:00.000+0000,INEMA-BA,INEMA-BA,Fluviométrica,1,123638250 - AÇUDE JOANES II MONTANTE MONT.3,,False,False,False,S 12° 36' 20.88'',W 38° 25' 44.04'',15/12/2017 à 30/05/2024,,,0.0,250.0,,
"{'horEstacao': 123638250, 'horDataHora': '2021-09-10T20:00:00.000+0000'}",50903260,50903260,50903260,,AÇUDE JOANES II MONTANTE MONT.3,-12.6058,-38.4289,,2024-02-09T15:23:11.863+0000,5,"5 - Atlântico, Trecho Leste","50 - RIOS VAZA-BARRIS,ITAPICURU E .",RIO JOANES,BAHIA,SÃO SEBASTIÃO DO PASSÉ,50,50750000,16,16295000,114,114,2017-12-15T10:00:00.000+0000,2024-05-30T20:00:00.000+0000,INEMA-BA,INEMA-BA,Fluviométrica,1,123638250 - AÇUDE JOANES II MONTANTE MONT.3,,False,False,False,S 12° 36' 20.88'',W 38° 25' 44.04'',15/12/2017 à 30/05/2024,,,0.0,250.0,,
"{'horEstacao': 123638250, 'horDataHora': '2021-09-11T10:00:00.000+0000'}",50903260,50903260,50903260,,AÇUDE JOANES II MONTANTE MONT.3,-12.6058,-38.4289,,2024-02-09T15:23:11.863+0000,5,"5 - Atlântico, Trecho Leste","50 - RIOS VAZA-BARRIS,ITAPICURU E .",RIO JOANES,BAHIA,SÃO SEBASTIÃO DO PASSÉ,50,50750000,16,16295000,114,114,2017-12-15T10:00:00.000+0000,2024-05-30T20:00:00.000+0000,INEMA-BA,INEMA-BA,Fluviométrica,1,123638250 - AÇUDE JOANES II MONTANTE MONT.3,,False,False,False,S 12° 36' 20.88'',W 38° 25' 44.04'',15/12/2017 à 30/05/2024,,,0.0,246.0,,
"{'horEstacao': 123638250, 'horDataHora': '2021-09-11T20:00:00.000+0000'}",50903260,50903260,50903260,,AÇUDE JOANES II MONTANTE MONT.3,-12.6058,-38.4289,,2024-02-09T15:23:11.863+0000,5,"5 - Atlântico, Trecho Leste","50 - RIOS VAZA-BARRIS,ITAPICURU E .",RIO JOANES,BAHIA,SÃO SEBASTIÃO DO PASSÉ,50,50750000,16,16295000,114,114,2017-12-15T10:00:00.000+0000,2024-05-30T20:00:00.000+0000,INEMA-BA,INEMA-BA,Fluviométrica,1,123638250 - AÇUDE JOANES II MONTANTE MONT.3,,False,False,False,S 12° 36' 20.88'',W 38° 25' 44.04'',15/12/2017 à 30/05/2024,,,0.0,246.0,,
"{'horEstacao': 123638250, 'horDataHora': '2021-09-12T10:00:00.000+0000'}",50903260,50903260,50903260,,AÇUDE JOANES II MONTANTE MONT.3,-12.6058,-38.4289,,2024-02-09T15:23:11.863+0000,5,"5 - Atlântico, Trecho Leste","50 - RIOS VAZA-BARRIS,ITAPICURU E .",RIO JOANES,BAHIA,SÃO SEBASTIÃO DO PASSÉ,50,50750000,16,16295000,114,114,2017-12-15T10:00:00.000+0000,2024-05-30T20:00:00.000+0000,INEMA-BA,INEMA-BA,Fluviométrica,1,123638250 - AÇUDE JOANES II MONTANTE MONT.3,,False,False,False,S 12° 36' 20.88'',W 38° 25' 44.04'',15/12/2017 à 30/05/2024,,,0.0,246.0,,
"{'horEstacao': 123638250, 'horDataHora': '2021-09-12T20:00:00.000+0000'}",50903260,50903260,50903260,,AÇUDE JOANES II MONTANTE MONT.3,-12.6058,-38.4289,,2024-02-09T15:23:11.863+0000,5,"5 - Atlântico, Trecho Leste","50 - RIOS VAZA-BARRIS,ITAPICURU E .",RIO JOANES,BAHIA,SÃO SEBASTIÃO DO PASSÉ,50,50750000,16,16295000,114,114,2017-12-15T10:00:00.000+0000,2024-05-30T20:00:00.000+0000,INEMA-BA,INEMA-BA,Fluviométrica,1,123638250 - AÇUDE JOANES II MONTANTE MONT.3,,False,False,False,S 12° 36' 20.88'',W 38° 25' 44.04'',15/12/2017 à 30/05/2024,,,0.0,244.0,,
"{'horEstacao': 123638250, 'horDataHora': '2021-09-13T10:00:00.000+0000'}",50903260,50903260,50903260,,AÇUDE JOANES II MONTANTE MONT.3,-12.6058,-38.4289,,2024-02-09T15:23:11.863+0000,5,"5 - Atlântico, Trecho Leste","50 - RIOS VAZA-BARRIS,ITAPICURU E .",RIO JOANES,BAHIA,SÃO SEBASTIÃO DO PASSÉ,50,50750000,16,16295000,114,114,2017-12-15T10:00:00.000+0000,2024-05-30T20:00:00.000+0000,INEMA-BA,INEMA-BA,Fluviométrica,1,123638250 - AÇUDE JOANES II MONTANTE MONT.3,,False,False,False,S 12° 36' 20.88'',W 38° 25' 44.04'',15/12/2017 à 30/05/2024,,,0.0,244.0,,
"{'horEstacao': 123638250, 'horDataHora': '2021-09-13T20:00:00.000+0000'}",50903260,50903260,50903260,,AÇUDE JOANES II MONTANTE MONT.3,-12.6058,-38.4289,,2024-02-09T15:23:11.863+0000,5,"5 - Atlântico, Trecho Leste","50 - RIOS VAZA-BARRIS,ITAPICURU E .",RIO JOANES,BAHIA,SÃO SEBASTIÃO DO PASSÉ,50,50750000,16,16295000,114,114,2017-12-15T10:00:00.000+0000,2024-05-30T20:00:00.000+0000,INEMA-BA,INEMA-BA,Fluviométrica,1,123638250 - AÇUDE JOANES II MONTANTE MONT.3,,False,False,False,S 12° 36' 20.88'',W 38° 25' 44.04'',15/12/2017 à 30/05/2024,,,0.0,244.0,,
"{'horEstacao': 123638250, 'horDataHora': '2021-09-14T10:00:00.000+0000'}",50903260,50903260,50903260,,AÇUDE JOANES II MONTANTE MONT.3,-12.6058,-38.4289,,2024-02-09T15:23:11.863+0000,5,"5 - Atlântico, Trecho Leste","50 - RIOS VAZA-BARRIS,ITAPICURU E .",RIO JOANES,BAHIA,SÃO SEBASTIÃO DO PASSÉ,50,50750000,16,16295000,114,114,2017-12-15T10:00:00.000+0000,2024-05-30T20:00:00.000+0000,INEMA-BA,INEMA-BA,Fluviométrica,1,123638250 - AÇUDE JOANES II MONTANTE MONT.3,,False,False,False,S 12° 36' 20.88'',W 38° 25' 44.04'',15/12/2017 à 30/05/2024,,,0.0,244.0,,
"{'horEstacao': 123638250, 'horDataHora': '2021-09-14T20:00:00.000+0000'}",50903260,50903260,50903260,,AÇUDE JOANES II MONTANTE MONT.3,-12.6058,-38.4289,,2024-02-09T15:23:11.863+0000,5,"5 - Atlântico, Trecho Leste","50 - RIOS VAZA-BARRIS,ITAPICURU E .",RIO JOANES,BAHIA,SÃO SEBASTIÃO DO PASSÉ,50,50750000,16,16295000,114,114,2017-12-15T10:00:00.000+0000,2024-05-30T20:00:00.000+0000,INEMA-BA,INEMA-BA,Fluviométrica,1,123638250 - AÇUDE JOANES II MONTANTE MONT.3,,False,False,False,S 12° 36' 20.88'',W 38° 25' 44.04'',15/12/2017 à 30/05/2024,,,0.0,242.0,,
"{'horEstacao': 123638250, 'horDataHora': '2021-09-15T10:00:00.000+0000'}",50903260,50903260,50903260,,AÇUDE JOANES II MONTANTE MONT.3,-12.6058,-38.4289,,2024-02-09T15:23:11.863+0000,5,"5 - Atlântico, Trecho Leste","50 - RIOS VAZA-BARRIS,ITAPICURU E .",RIO JOANES,BAHIA,SÃO SEBASTIÃO DO PASSÉ,50,50750000,16,16295000,114,114,2017-12-15T10:00:00.000+0000,2024-05-30T20:00:00.000+0000,INEMA-BA,INEMA-BA,Fluviométrica,1,123638250 - AÇUDE JOANES II MONTANTE MONT.3,,False,False,False,S 12° 36' 20.88'',W 38° 25' 44.04'',15/12/2017 à 30/05/2024,,,0.0,242.0,,
"{'horEstacao': 123638250, 'horDataHora': '2021-09-15T20:00:00.000+0000'}",50903260,50903260,50903260,,AÇUDE JOANES II MONTANTE MONT.3,-12.6058,-38.4289,,2024-02-09T15:23:11.863+0000,5,"5 - Atlântico, Trecho Leste","50 - RIOS VAZA-BARRIS,ITAPICURU E .",RIO JOANES,BAHIA,SÃO SEBASTIÃO DO PASSÉ,50,50750000,16,16295000,114,114,2017-12-15T10:00:00.000+0000,2024-05-30T20:00:00.000+0000,INEMA-BA,INEMA-BA,Fluviométrica,1,123638250 - AÇUDE JOANES II MONTANTE MONT.3,,False,False,False,S 12° 36' 20.88'',W 38° 25' 44.04'',15/12/2017 à 30/05/2024,,,0.0,242.0,,
"{'horEstacao': 123638250, 'horDataHora': '2021-09-16T10:00:00.000+0000'}",50903260,50903260,50903260,,AÇUDE JOANES II MONTANTE MONT.3,-12.6058,-38.4289,,2024-02-09T15:23:11.863+0000,5,"5 - Atlântico, Trecho Leste","50 - RIOS VAZA-BARRIS,ITAPICURU E .",RIO JOANES,BAHIA,SÃO SEBASTIÃO DO PASSÉ,50,50750000,16,16295000,114,114,2017-12-15T10:00:00.000+0000,2024-05-30T20:00:00.000+0000,INEMA-BA,INEMA-BA,Fluviométrica,1,123638250 - AÇUDE JOANES II MONTANTE MONT.3,,False,False,False,S 12° 36' 20.88'',W 38° 25' 44.04'',15/12/2017 à 30/05/2024,,,0.0,242.0,,
"{'horEstacao': 123638250, 'horDataHora': '2021-09-16T20:00:00.000+0000'}",50903260,50903260,50903260,,AÇUDE JOANES II MONTANTE MONT.3,-12.6058,-38.4289,,2024-02-09T15:23:11.863+0000,5,"5 - Atlântico, Trecho Leste","50 - RIOS VAZA-BARRIS,ITAPICURU E .",RIO JOANES,BAHIA,SÃO SEBASTIÃO DO PASSÉ,50,50750000,16,16295000,114,114,2017-12-15T10:00:00.000+0000,2024-05-30T20:00:00.000+0000,INEMA-BA,INEMA-BA,Fluviométrica,1,123638250 - AÇUDE JOANES II MONTANTE MONT.3,,False,False,False,S 12° 36' 20.88'',W 38° 25' 44.04'',15/12/2017 à 30/05/2024,,,0.0,242.0,,
"{'horEstacao': 123638250, 'horDataHora': '2021-09-17T10:00:00.000+0000'}",50903260,50903260,50903260,,AÇUDE JOANES II MONTANTE MONT.3,-12.6058,-38.4289,,2024-02-09T15:23:11.863+0000,5,"5 - Atlântico, Trecho Leste","50 - RIOS VAZA-BARRIS,ITAPICURU E .",RIO JOANES,BAHIA,SÃO SEBASTIÃO DO PASSÉ,50,50750000,16,16295000,114,114,2017-12-15T10:00:00.000+0000,2024-05-30T20:00:00.000+0000,INEMA-BA,INEMA-BA,Fluviométrica,1,123638250 - AÇUDE JOANES II MONTANTE MONT.3,,False,False,False,S 12° 36' 20.88'',W 38° 25' 44.04'',15/12/2017 à 30/05/2024,,,0.0,240.0,,
"{'horEstacao': 123638250, 'horDataHora': '2021-09-17T20:00:00.000+0000'}",50903260,50903260,50903260,,AÇUDE JOANES II MONTANTE MONT.3,-12.6058,-38.4289,,2024-02-09T15:23:11.863+0000,5,"5 - Atlântico, Trecho Leste","50 - RIOS VAZA-BARRIS,ITAPICURU E .",RIO JOANES,BAHIA,SÃO SEBASTIÃO DO PASSÉ,50,50750000,16,16295000,114,114,2017-12-15T10:00:00.000+0000,2024-05-30T20:00:00.000+0000,INEMA-BA,INEMA-BA,Fluviométrica,1,123638250 - AÇUDE JOANES II MONTANTE MONT.3,,False,False,False,S 12° 36' 20.88'',W 38° 25' 44.04'',15/12/2017 à 30/05/2024,,,0.0,240.0,,
"{'horEstacao': 123638250, 'horDataHora': '2021-09-18T10:00:00.000+0000'}",50903260,50903260,50903260,,AÇUDE JOANES II MONTANTE MONT.3,-12.6058,-38.4289,,2024-02-09T15:23:11.863+0000,5,"5 - Atlântico, Trecho Leste","50 - RIOS VAZA-BARRIS,ITAPICURU E .",RIO JOANES,BAHIA,SÃO SEBASTIÃO DO PASSÉ,50,50750000,16,16295000,114,114,2017-12-15T10:00:00.000+0000,2024-05-30T20:00:00.000+0000,INEMA-BA,INEMA-BA,Fluviométrica,1,123638250 - AÇUDE JOANES II MONTANTE MONT.3,,False,False,False,S 12° 36' 20.88'',W 38° 25' 44.04'',15/12/2017 à 30/05/2024,,,0.0,238.0,,
"{'horEstacao': 123638250, 'horDataHora': '2021-09-18T20:00:00.000+0000'}",50903260,50903260,50903260,,AÇUDE JOANES II MONTANTE MONT.3,-12.6058,-38.4289,,2024-02-09T15:23:11.863+0000,5,"5 - Atlântico, Trecho Leste","50 - RIOS VAZA-BARRIS,ITAPICURU E .",RIO JOANES,BAHIA,SÃO SEBASTIÃO DO PASSÉ,50,50750000,16,16295000,114,114,2017-12-15T10:00:00.000+0000,2024-05-30T20:00:00.000+0000,INEMA-BA,INEMA-BA,Fluviométrica,1,123638250 - AÇUDE JOANES II MONTANTE MONT.3,,False,False,False,S 12° 36' 20.88'',W 38° 25' 44.04'',15/12/2017 à 30/05/2024,,,0.0,238.0,,
"{'horEstacao': 123638250, 'horDataHora': '2021-09-19T10:00:00.000+0000'}",50903260,50903260,50903260,,AÇUDE JOANES II MONTANTE MONT.3,-12.6058,-38.4289,,2024-02-09T15:23:11.863+0000,5,"5 - Atlântico, Trecho Leste","50 - RIOS VAZA-BARRIS,ITAPICURU E .",RIO JOANES,BAHIA,SÃO SEBASTIÃO DO PASSÉ,50,50750000,16,16295000,114,114,2017-12-15T10:00:00.000+0000,2024-05-30T20:00:00.000+0000,INEMA-BA,INEMA-BA,Fluviométrica,1,123638250 - AÇUDE JOANES II MONTANTE MONT.3,,False,False,False,S 12° 36' 20.88'',W 38° 25' 44.04'',15/12/2017 à 30/05/2024,,,0.0,238.0,,
"{'horEstacao': 123638250, 'horDataHora': '2021-09-19T20:00:00.000+0000'}",50903260,50903260,50903260,,AÇUDE JOANES II MONTANTE MONT.3,-12.6058,-38.4289,,2024-02-09T15:23:11.863+0000,5,"5 - Atlântico, Trecho Leste","50 - RIOS VAZA-BARRIS,ITAPICURU E .",RIO JOANES,BAHIA,SÃO SEBASTIÃO DO PASSÉ,50,50750000,16,16295000,114,114,2017-12-15T10:00:00.000+0000,2024-05-30T20:00:00.000+0000,INEMA-BA,INEMA-BA,Fluviométrica,1,123638250 - AÇUDE JOANES II MONTANTE MONT.3,,False,False,False,S 12° 36' 20.88'',W 38° 25' 44.04'',15/12/2017 à 30/05/2024,,,0.0,238.0,,
"{'horEstacao': 123638250, 'horDataHora': '2021-09-20T10:00:00.000+0000'}",50903260,50903260,50903260,,AÇUDE JOANES II MONTANTE MONT.3,-12.6058,-38.4289,,2024-02-09T15:23:11.863+0000,5,"5 - Atlântico, Trecho Leste","50 - RIOS VAZA-BARRIS,ITAPICURU E .",RIO JOANES,BAHIA,SÃO SEBASTIÃO DO PASSÉ,50,50750000,16,16295000,114,114,2017-12-15T10:00:00.000+0000,2024-05-30T20:00:00.000+0000,INEMA-BA,INEMA-BA,Fluviométrica,1,123638250 - AÇUDE JOANES II MONTANTE MONT.3,,False,False,False,S 12° 36' 20.88'',W 38° 25' 44.04'',15/12/2017 à 30/05/2024,,,0.0,236.0,,
"{'horEstacao': 123638250, 'horDataHora': '2021-09-20T20:00:00.000+0000'}",50903260,50903260,50903260,,AÇUDE JOANES II MONTANTE MONT.3,-12.6058,-38.4289,,2024-02-09T15:23:11.863+0000,5,"5 - Atlântico, Trecho Leste","50 - RIOS VAZA-BARRIS,ITAPICURU E .",RIO JOANES,BAHIA,SÃO SEBASTIÃO DO PASSÉ,50,50750000,16,16295000,114,114,2017-12-15T10:00:00.000+0000,2024-05-30T20:00:00.000+0000,INEMA-BA,INEMA-BA,Fluviométrica,1,123638250 - AÇUDE JOANES II MONTANTE MONT.3,,False,False,False,S 12° 36' 20.88'',W 38° 25' 44.04'',15/12/2017 à 30/05/2024,,,0.0,236.0,,
"{'horEstacao': 123638250, 'horDataHora': '2021-09-21T10:00:00.000+0000'}",50903260,50903260,50903260,,AÇUDE JOANES II MONTANTE MONT.3,-12.6058,-38.4289,,2024-02-09T15:23:11.863+0000,5,"5 - Atlântico, Trecho Leste","50 - RIOS VAZA-BARRIS,ITAPICURU E .",RIO JOANES,BAHIA,SÃO SEBASTIÃO DO PASSÉ,50,50750000,16,16295000,114,114,2017-12-15T10:00:00.000+0000,2024-05-30T20:00:00.000+0000,INEMA-BA,INEMA-BA,Fluviométrica,1,123638250 - AÇUDE JOANES II MONTANTE MONT.3,,False,False,False,S 12° 36' 20.88'',W 38° 25' 44.04'',15/12/2017 à 30/05/2024,,,0.0,236.0,,
"{'horEstacao': 123638250, 'horDataHora': '2021-09-21T20:00:00.000+0000'}",50903260,50903260,50903260,,AÇUDE JOANES II MONTANTE MONT.3,-12.6058,-38.4289,,2024-02-09T15:23:11.863+0000,5,"5 - Atlântico, Trecho Leste","50 - RIOS VAZA-BARRIS,ITAPICURU E .",RIO JOANES,BAHIA,SÃO SEBASTIÃO DO PASSÉ,50,50750000,16,16295000,114,114,2017-12-15T10:00:00.000+0000,2024-05-30T20:00:00.000+0000,INEMA-BA,INEMA-BA,Fluviométrica,1,123638250 - AÇUDE JOANES II MONTANTE MONT.3,,False,False,False,S 12° 36' 20.88'',W 38° 25' 44.04'',15/12/2017 à 30/05/2024,,,0.0,236.0,,
"{'horEstacao': 123638250, 'horDataHora': '2021-09-22T10:00:00.000+0000'}",50903260,50903260,50903260,,AÇUDE JOANES II MONTANTE MONT.3,-12.6058,-38.4289,,2024-02-09T15:23:11.863+0000,5,"5 - Atlântico, Trecho Leste","50 - RIOS VAZA-BARRIS,ITAPICURU E .",RIO JOANES,BAHIA,SÃO SEBASTIÃO DO PASSÉ,50,50750000,16,16295000,114,114,2017-12-15T10:00:00.000+0000,2024-05-30T20:00:00.000+0000,INEMA-BA,INEMA-BA,Fluviométrica,1,123638250 - AÇUDE JOANES II MONTANTE MONT.3,,False,False,False,S 12° 36' 20.88'',W 38° 25' 44.04'',15/12/2017 à 30/05/2024,,,0.0,236.0,,
"{'horEstacao': 123638250, 'horDataHora': '2021-09-22T20:00:00.000+0000'}",50903260,50903260,50903260,,AÇUDE JOANES II MONTANTE MONT.3,-12.6058,-38.4289,,2024-02-09T15:23:11.863+0000,5,"5 - Atlântico, Trecho Leste","50 - RIOS VAZA-BARRIS,ITAPICURU E .",RIO JOANES,BAHIA,SÃO SEBASTIÃO DO PASSÉ,50,50750000,16,16295000,114,114,2017-12-15T10:00:00.000+0000,2024-05-30T20:00:00.000+0000,INEMA-BA,INEMA-BA,Fluviométrica,1,123638250 - AÇUDE JOANES II MONTANTE MONT.3,,False,False,False,S 12° 36' 20.88'',W 38° 25' 44.04'',15/12/2017 à 30/05/2024,,,0.0,236.0,,
"{'horEstacao': 123638250, 'horDataHora': '2021-09-23T10:00:00.000+0000'}",50903260,50903260,50903260,,AÇUDE JOANES II MONTANTE MONT.3,-12.6058,-38.4289,,2024-02-09T15:23:11.863+0000,5,"5 - Atlântico, Trecho Leste","50 - RIOS VAZA-BARRIS,ITAPICURU E .",RIO JOANES,BAHIA,SÃO SEBASTIÃO DO PASSÉ,50,50750000,16,16295000,114,114,2017-12-15T10:00:00.000+0000,2024-05-30T20:00:00.000+0000,INEMA-BA,INEMA-BA,Fluviométrica,1,123638250 - AÇUDE JOANES II MONTANTE MONT.3,,False,False,False,S 12° 36' 20.88'',W 38° 25' 44.04'',15/12/2017 à 30/05/2024,,,0.0,236.0,,
"{'horEstacao': 123638250, 'horDataHora': '2021-09-23T20:00:00.000+0000'}",50903260,50903260,50903260,,AÇUDE JOANES II MONTANTE MONT.3,-12.6058,-38.4289,,2024-02-09T15:23:11.863+0000,5,"5 - Atlântico, Trecho Leste","50 - RIOS VAZA-BARRIS,ITAPICURU E .",RIO JOANES,BAHIA,SÃO SEBASTIÃO DO PASSÉ,50,50750000,16,16295000,114,114,2017-12-15T10:00:00.000+0000,2024-05-30T20:00:00.000+0000,INEMA-BA,INEMA-BA,Fluviométrica,1,123638250 - AÇUDE JOANES II MONTANTE MONT.3,,False,False,False,S 12° 36' 20.88'',W 38° 25' 44.04'',15/12/2017 à 30/05/2024,,,0.0,236.0,,
"{'horEstacao': 123638250, 'horDataHora': '2021-09-24T10:00:00.000+0000'}",50903260,50903260,50903260,,AÇUDE JOANES II MONTANTE MONT.3,-12.6058,-38.4289,,2024-02-09T15:23:11.863+0000,5,"5 - Atlântico, Trecho Leste","50 - RIOS VAZA-BARRIS,ITAPICURU E .",RIO JOANES,BAHIA,SÃO SEBASTIÃO DO PASSÉ,50,50750000,16,16295000,114,114,2017-12-15T10:00:00.000+0000,2024-05-30T20:00:00.000+0000,INEMA-BA,INEMA-BA,Fluviométrica,1,123638250 - AÇUDE JOANES II MONTANTE MONT.3,,False,False,False,S 12° 36' 20.88'',W 38° 25' 44.04'',15/12/2017 à 30/05/2024,,,0.0,236.0,,
"{'horEstacao': 123638250, 'horDataHora': '2021-09-24T20:00:00.000+0000'}",50903260,50903260,50903260,,AÇUDE JOANES II MONTANTE MONT.3,-12.6058,-38.4289,,2024-02-09T15:23:11.863+0000,5,"5 - Atlântico, Trecho Leste","50 - RIOS VAZA-BARRIS,ITAPICURU E .",RIO JOANES,BAHIA,SÃO SEBASTIÃO DO PASSÉ,50,50750000,16,16295000,114,114,2017-12-15T10:00:00.000+0000,2024-05-30T20:00:00.000+0000,INEMA-BA,INEMA-BA,Fluviométrica,1,123638250 - AÇUDE JOANES II MONTANTE MONT.3,,False,False,False,S 12° 36' 20.88'',W 38° 25' 44.04'',15/12/2017 à 30/05/2024,,,0.0,236.0,,
"{'horEstacao': 123638250, 'horDataHora': '2021-10-01T10:00:00.000+0000'}",50903260,50903260,50903260,,AÇUDE JOANES II MONTANTE MONT.3,-12.6058,-38.4289,,2024-02-09T15:23:11.863+0000,5,"5 - Atlântico, Trecho Leste","50 - RIOS VAZA-BARRIS,ITAPICURU E .",RIO JOANES,BAHIA,SÃO SEBASTIÃO DO PASSÉ,50,50750000,16,16295000,114,114,2017-12-15T10:00:00.000+0000,2024-05-30T20:00:00.000+0000,INEMA-BA,INEMA-BA,Fluviométrica,1,123638250 - AÇUDE JOANES II MONTANTE MONT.3,,False,False,False,S 12° 36' 20.88'',W 38° 25' 44.04'',15/12/2017 à 30/05/2024,,,0.0,236.0,,
"{'horEstacao': 123638250, 'horDataHora': '2021-10-01T20:00:00.000+0000'}",50903260,50903260,50903260,,AÇUDE JOANES II MONTANTE MONT.3,-12.6058,-38.4289,,2024-02-09T15:23:11.863+0000,5,"5 - Atlântico, Trecho Leste","50 - RIOS VAZA-BARRIS,ITAPICURU E .",RIO JOANES,BAHIA,SÃO SEBASTIÃO DO PASSÉ,50,50750000,16,16295000,114,114,2017-12-15T10:00:00.000+0000,2024-05-30T20:00:00.000+0000,INEMA-BA,INEMA-BA,Fluviométrica,1,123638250 - AÇUDE JOANES II MONTANTE MONT.3,,False,False,False,S 12° 36' 20.88'',W 38° 25' 44.04'',15/12/2017 à 30/05/2024,,,0.0,236.0,,
"{'horEstacao': 123638250, 'horDataHora': '2021-10-02T10:00:00.000+0000'}",50903260,50903260,50903260,,AÇUDE JOANES II MONTANTE MONT.3,-12.6058,-38.4289,,2024-02-09T15:23:11.863+0000,5,"5 - Atlântico, Trecho Leste","50 - RIOS VAZA-BARRIS,ITAPICURU E .",RIO JOANES,BAHIA,SÃO SEBASTIÃO DO PASSÉ,50,50750000,16,16295000,114,114,2017-12-15T10:00:00.000+0000,2024-05-30T20:00:00.000+0000,INEMA-BA,INEMA-BA,Fluviométrica,1,123638250 - AÇUDE JOANES II MONTANTE MONT.3,,False,False,False,S 12° 36' 20.88'',W 38° 25' 44.04'',15/12/2017 à 30/05/2024,,,0.0,236.0,,
"{'horEstacao': 123638250, 'horDataHora': '2021-10-02T20:00:00.000+0000'}",50903260,50903260,50903260,,AÇUDE JOANES II MONTANTE MONT.3,-12.6058,-38.4289,,2024-02-09T15:23:11.863+0000,5,"5 - Atlântico, Trecho Leste","50 - RIOS VAZA-BARRIS,ITAPICURU E .",RIO JOANES,BAHIA,SÃO SEBASTIÃO DO PASSÉ,50,50750000,16,16295000,114,114,2017-12-15T10:00:00.000+0000,2024-05-30T20:00:00.000+0000,INEMA-BA,INEMA-BA,Fluviométrica,1,123638250 - AÇUDE JOANES II MONTANTE MONT.3,,False,False,False,S 12° 36' 20.88'',W 38° 25' 44.04'',15/12/2017 à 30/05/2024,,,0.0,236.0,,
"{'horEstacao': 123638250, 'horDataHora': '2021-10-03T10:00:00.000+0000'}",50903260,50903260,50903260,,AÇUDE JOANES II MONTANTE MONT.3,-12.6058,-38.4289,,2024-02-09T15:23:11.863+0000,5,"5 - Atlântico, Trecho Leste","50 - RIOS VAZA-BARRIS,ITAPICURU E .",RIO JOANES,BAHIA,SÃO SEBASTIÃO DO PASSÉ,50,50750000,16,16295000,114,114,2017-12-15T10:00:00.000+0000,2024-05-30T20:00:00.000+0000,INEMA-BA,INEMA-BA,Fluviométrica,1,123638250 - AÇUDE JOANES II MONTANTE MONT.3,,False,False,False,S 12° 36' 20.88'',W 38° 25' 44.04'',15/12/2017 à 30/05/2024,,,0.0,236.0,,
"{'horEstacao': 123638250, 'horDataHora': '2021-10-03T20:00:00.000+0000'}",50903260,50903260,50903260,,AÇUDE JOANES II MONTANTE MONT.3,-12.6058,-38.4289,,2024-02-09T15:23:11.863+0000,5,"5 - Atlântico, Trecho Leste","50 - RIOS VAZA-BARRIS,ITAPICURU E .",RIO JOANES,BAHIA,SÃO SEBASTIÃO DO PASSÉ,50,50750000,16,16295000,114,114,2017-12-15T10:00:00.000+0000,2024-05-30T20:00:00.000+0000,INEMA-BA,INEMA-BA,Fluviométrica,1,123638250 - AÇUDE JOANES II MONTANTE MONT.3,,False,False,False,S 12° 36' 20.88'',W 38° 25' 44.04'',15/12/2017 à 30/05/2024,,,0.0,236.0,,
"{'horEstacao': 123638250, 'horDataHora': '2021-10-04T10:00:00.000+0000'}",50903260,50903260,50903260,,AÇUDE JOANES II MONTANTE MONT.3,-12.6058,-38.4289,,2024-02-09T15:23:11.863+0000,5,"5 - Atlântico, Trecho Leste","50 - RIOS VAZA-BARRIS,ITAPICURU E .",RIO JOANES,BAHIA,SÃO SEBASTIÃO DO PASSÉ,50,50750000,16,16295000,114,114,2017-12-15T10:00:00.000+0000,2024-05-30T20:00:00.000+0000,INEMA-BA,INEMA-BA,Fluviométrica,1,123638250 - AÇUDE JOANES II MONTANTE MONT.3,,False,False,False,S 12° 36' 20.88'',W 38° 25' 44.04'',15/12/2017 à 30/05/2024,,,0.0,236.0,,
"{'horEstacao': 123638250, 'horDataHora': '2021-10-04T20:00:00.000+0000'}",50903260,50903260,50903260,,AÇUDE JOANES II MONTANTE MONT.3,-12.6058,-38.4289,,2024-02-09T15:23:11.863+0000,5,"5 - Atlântico, Trecho Leste","50 - RIOS VAZA-BARRIS,ITAPICURU E .",RIO JOANES,BAHIA,SÃO SEBASTIÃO DO PASSÉ,50,50750000,16,16295000,114,114,2017-12-15T10:00:00.000+0000,2024-05-30T20:00:00.000+0000,INEMA-BA,INEMA-BA,Fluviométrica,1,123638250 - AÇUDE JOANES II MONTANTE MONT.3,,False,False,False,S 12° 36' 20.88'',W 38° 25' 44.04'',15/12/2017 à 30/05/2024,,,0.0,236.0,,
"{'horEstacao': 123638250, 'horDataHora': '2021-10-05T10:00:00.000+0000'}",50903260,50903260,50903260,,AÇUDE JOANES II MONTANTE MONT.3,-12.6058,-38.4289,,2024-02-09T15:23:11.863+0000,5,"5 - Atlântico, Trecho Leste","50 - RIOS VAZA-BARRIS,ITAPICURU E .",RIO JOANES,BAHIA,SÃO SEBASTIÃO DO PASSÉ,50,50750000,16,16295000,114,114,2017-12-15T10:00:00.000+0000,2024-05-30T20:00:00.000+0000,INEMA-BA,INEMA-BA,Fluviométrica,1,123638250 - AÇUDE JOANES II MONTANTE MONT.3,,False,False,False,S 12° 36' 20.88'',W 38° 25' 44.04'',15/12/2017 à 30/05/2024,,,0.0,238.0,,
"{'horEstacao': 123638250, 'horDataHora': '2021-10-05T20:00:00.000+0000'}",50903260,50903260,50903260,,AÇUDE JOANES II MONTANTE MONT.3,-12.6058,-38.4289,,2024-02-09T15:23:11.863+0000,5,"5 - Atlântico, Trecho Leste","50 - RIOS VAZA-BARRIS,ITAPICURU E .",RIO JOANES,BAHIA,SÃO SEBASTIÃO DO PASSÉ,50,50750000,16,16295000,114,114,2017-12-15T10:00:00.000+0000,2024-05-30T20:00:00.000+0000,INEMA-BA,INEMA-BA,Fluviométrica,1,123638250 - AÇUDE JOANES II MONTANTE MONT.3,,False,False,False,S 12° 36' 20.88'',W 38° 25' 44.04'',15/12/2017 à 30/05/2024,,,0.0,238.0,,
"{'horEstacao': 123638250, 'horDataHora': '2021-10-06T10:00:00.000+0000'}",50903260,50903260,50903260,,AÇUDE JOANES II MONTANTE MONT.3,-12.6058,-38.4289,,2024-02-09T15:23:11.863+0000,5,"5 - Atlântico, Trecho Leste","50 - RIOS VAZA-BARRIS,ITAPICURU E .",RIO JOANES,BAHIA,SÃO SEBASTIÃO DO PASSÉ,50,50750000,16,16295000,114,114,2017-12-15T10:00:00.000+0000,2024-05-30T20:00:00.000+0000,INEMA-BA,INEMA-BA,Fluviométrica,1,123638250 - AÇUDE JOANES II MONTANTE MONT.3,,False,False,False,S 12° 36' 20.88'',W 38° 25' 44.04'',15/12/2017 à 30/05/2024,,,0.0,236.0,,
"{'horEstacao': 123638250, 'horDataHora': '2021-10-06T20:00:00.000+0000'}",50903260,50903260,50903260,,AÇUDE JOANES II MONTANTE MONT.3,-12.6058,-38.4289,,2024-02-09T15:23:11.863+0000,5,"5 - Atlântico, Trecho Leste","50 - RIOS VAZA-BARRIS,ITAPICURU E .",RIO JOANES,BAHIA,SÃO SEBASTIÃO DO PASSÉ,50,50750000,16,16295000,114,114,2017-12-15T10:00:00.000+0000,2024-05-30T20:00:00.000+0000,INEMA-BA,INEMA-BA,Fluviométrica,1,123638250 - AÇUDE JOANES II MONTANTE MONT.3,,False,False,False,S 12° 36' 20.88'',W 38° 25' 44.04'',15/12/2017 à 30/05/2024,,,0.0,236.0,,
"{'horEstacao': 123638250, 'horDataHora': '2021-10-07T10:00:00.000+0000'}",50903260,50903260,50903260,,AÇUDE JOANES II MONTANTE MONT.3,-12.6058,-38.4289,,2024-02-09T15:23:11.863+0000,5,"5 - Atlântico, Trecho Leste","50 - RIOS VAZA-BARRIS,ITAPICURU E .",RIO JOANES,BAHIA,SÃO SEBASTIÃO DO PASSÉ,50,50750000,16,16295000,114,114,2017-12-15T10:00:00.000+0000,2024-05-30T20:00:00.000+0000,INEMA-BA,INEMA-BA,Fluviométrica,1,123638250 - AÇUDE JOANES II MONTANTE MONT.3,,False,False,False,S 12° 36' 20.88'',W 38° 25' 44.04'',15/12/2017 à 30/05/2024,,,0.0,236.0,,
"{'horEstacao': 123638250, 'horDataHora': '2021-10-07T20:00:00.000+0000'}",50903260,50903260,50903260,,AÇUDE JOANES II MONTANTE MONT.3,-12.6058,-38.4289,,2024-02-09T15:23:11.863+0000,5,"5 - Atlântico, Trecho Leste","50 - RIOS VAZA-BARRIS,ITAPICURU E .",RIO JOANES,BAHIA,SÃO SEBASTIÃO DO PASSÉ,50,50750000,16,16295000,114,114,2017-12-15T10:00:00.000+0000,2024-05-30T20:00:00.000+0000,INEMA-BA,INEMA-BA,Fluviométrica,1,123638250 - AÇUDE JOANES II MONTANTE MONT.3,,False,False,False,S 12° 36' 20.88'',W 38° 25' 44.04'',15/12/2017 à 30/05/2024,,,0.0,236.0,,
"{'horEstacao': 123638250, 'horDataHora': '2021-10-08T10:00:00.000+0000'}",50903260,50903260,50903260,,AÇUDE JOANES II MONTANTE MONT.3,-12.6058,-38.4289,,2024-02-09T15:23:11.863+0000,5,"5 - Atlântico, Trecho Leste","50 - RIOS VAZA-BARRIS,ITAPICURU E .",RIO JOANES,BAHIA,SÃO SEBASTIÃO DO PASSÉ,50,50750000,16,16295000,114,114,2017-12-15T10:00:00.000+0000,2024-05-30T20:00:00.000+0000,INEMA-BA,INEMA-BA,Fluviométrica,1,123638250 - AÇUDE JOANES II MONTANTE MONT.3,,False,False,False,S 12° 36' 20.88'',W 38° 25' 44.04'',15/12/2017 à 30/05/2024,,,0.0,234.0,,
"{'horEstacao': 123638250, 'horDataHora': '2021-10-08T20:00:00.000+0000'}",50903260,50903260,50903260,,AÇUDE JOANES II MONTANTE MONT.3,-12.6058,-38.4289,,2024-02-09T15:23:11.863+0000,5,"5 - Atlântico, Trecho Leste","50 - RIOS VAZA-BARRIS,ITAPICURU E .",RIO JOANES,BAHIA,SÃO SEBASTIÃO DO PASSÉ,50,50750000,16,16295000,114,114,2017-12-15T10:00:00.000+0000,2024-05-30T20:00:00.000+0000,INEMA-BA,INEMA-BA,Fluviométrica,1,123638250 - AÇUDE JOANES II MONTANTE MONT.3,,False,False,False,S 12° 36' 20.88'',W 38° 25' 44.04'',15/12/2017 à 30/05/2024,,,0.0,234.0,,
"{'horEstacao': 123638250, 'horDataHora': '2021-10-09T10:00:00.000+0000'}",50903260,50903260,50903260,,AÇUDE JOANES II MONTANTE MONT.3,-12.6058,-38.4289,,2024-02-09T15:23:11.863+0000,5,"5 - Atlântico, Trecho Leste","50 - RIOS VAZA-BARRIS,ITAPICURU E .",RIO JOANES,BAHIA,SÃO SEBASTIÃO DO PASSÉ,50,50750000,16,16295000,114,114,2017-12-15T10:00:00.000+0000,2024-05-30T20:00:00.000+0000,INEMA-BA,INEMA-BA,Fluviométrica,1,123638250 - AÇUDE JOANES II MONTANTE MONT.3,,False,False,False,S 12° 36' 20.88'',W 38° 25' 44.04'',15/12/2017 à 30/05/2024,,,0.0,234.0,,
"{'horEstacao': 123638250, 'horDataHora': '2021-10-09T20:00:00.000+0000'}",50903260,50903260,50903260,,AÇUDE JOANES II MONTANTE MONT.3,-12.6058,-38.4289,,2024-02-09T15:23:11.863+0000,5,"5 - Atlântico, Trecho Leste","50 - RIOS VAZA-BARRIS,ITAPICURU E .",RIO JOANES,BAHIA,SÃO SEBASTIÃO DO PASSÉ,50,50750000,16,16295000,114,114,2017-12-15T10:00:00.000+0000,2024-05-30T20:00:00.000+0000,INEMA-BA,INEMA-BA,Fluviométrica,1,123638250 - AÇUDE JOANES II MONTANTE MONT.3,,False,False,False,S 12° 36' 20.88'',W 38° 25' 44.04'',15/12/2017 à 30/05/2024,,,0.0,234.0,,
"{'horEstacao': 123638250, 'horDataHora': '2021-10-10T10:00:00.000+0000'}",50903260,50903260,50903260,,AÇUDE JOANES II MONTANTE MONT.3,-12.6058,-38.4289,,2024-02-09T15:23:11.863+0000,5,"5 - Atlântico, Trecho Leste","50 - RIOS VAZA-BARRIS,ITAPICURU E .",RIO JOANES,BAHIA,SÃO SEBASTIÃO DO PASSÉ,50,50750000,16,16295000,114,114,2017-12-15T10:00:00.000+0000,2024-05-30T20:00:00.000+0000,INEMA-BA,INEMA-BA,Fluviométrica,1,123638250 - AÇUDE JOANES II MONTANTE MONT.3,,False,False,False,S 12° 36' 20.88'',W 38° 25' 44.04'',15/12/2017 à 30/05/2024,,,0.0,232.0,,
"{'horEstacao': 123638250, 'horDataHora': '2021-10-10T20:00:00.000+0000'}",50903260,50903260,50903260,,AÇUDE JOANES II MONTANTE MONT.3,-12.6058,-38.4289,,2024-02-09T15:23:11.863+0000,5,"5 - Atlântico, Trecho Leste","50 - RIOS VAZA-BARRIS,ITAPICURU E .",RIO JOANES,BAHIA,SÃO SEBASTIÃO DO PASSÉ,50,50750000,16,16295000,114,114,2017-12-15T10:00:00.000+0000,2024-05-30T20:00:00.000+0000,INEMA-BA,INEMA-BA,Fluviométrica,1,123638250 - AÇUDE JOANES II MONTANTE MONT.3,,False,False,False,S 12° 36' 20.88'',W 38° 25' 44.04'',15/12/2017 à 30/05/2024,,,0.0,232.0,,
"{'horEstacao': 123638250, 'horDataHora': '2021-10-11T10:00:00.000+0000'}",50903260,50903260,50903260,,AÇUDE JOANES II MONTANTE MONT.3,-12.6058,-38.4289,,2024-02-09T15:23:11.863+0000,5,"5 - Atlântico, Trecho Leste","50 - RIOS VAZA-BARRIS,ITAPICURU E .",RIO JOANES,BAHIA,SÃO SEBASTIÃO DO PASSÉ,50,50750000,16,16295000,114,114,2017-12-15T10:00:00.000+0000,2024-05-30T20:00:00.000+0000,INEMA-BA,INEMA-BA,Fluviométrica,1,123638250 - AÇUDE JOANES II MONTANTE MONT.3,,False,False,False,S 12° 36' 20.88'',W 38° 25' 44.04'',15/12/2017 à 30/05/2024,,,0.0,232.0,,
"{'horEstacao': 123638250, 'horDataHora': '2021-10-11T20:00:00.000+0000'}",50903260,50903260,50903260,,AÇUDE JOANES II MONTANTE MONT.3,-12.6058,-38.4289,,2024-02-09T15:23:11.863+0000,5,"5 - Atlântico, Trecho Leste","50 - RIOS VAZA-BARRIS,ITAPICURU E .",RIO JOANES,BAHIA,SÃO SEBASTIÃO DO PASSÉ,50,50750000,16,16295000,114,114,2017-12-15T10:00:00.000+0000,2024-05-30T20:00:00.000+0000,INEMA-BA,INEMA-BA,Fluviométrica,1,123638250 - AÇUDE JOANES II MONTANTE MONT.3,,False,False,False,S 12° 36' 20.88'',W 38° 25' 44.04'',15/12/2017 à 30/05/2024,,,0.0,232.0,,
"{'horEstacao': 123638250, 'horDataHora': '2021-10-12T10:00:00.000+0000'}",50903260,50903260,50903260,,AÇUDE JOANES II MONTANTE MONT.3,-12.6058,-38.4289,,2024-02-09T15:23:11.863+0000,5,"5 - Atlântico, Trecho Leste","50 - RIOS VAZA-BARRIS,ITAPICURU E .",RIO JOANES,BAHIA,SÃO SEBASTIÃO DO PASSÉ,50,50750000,16,16295000,114,114,2017-12-15T10:00:00.000+0000,2024-05-30T20:00:00.000+0000,INEMA-BA,INEMA-BA,Fluviométrica,1,123638250 - AÇUDE JOANES II MONTANTE MONT.3,,False,False,False,S 12° 36' 20.88'',W 38° 25' 44.04'',15/12/2017 à 30/05/2024,,,0.0,232.0,,
"{'horEstacao': 123638250, 'horDataHora': '2021-10-12T20:00:00.000+0000'}",50903260,50903260,50903260,,AÇUDE JOANES II MONTANTE MONT.3,-12.6058,-38.4289,,2024-02-09T15:23:11.863+0000,5,"5 - Atlântico, Trecho Leste","50 - RIOS VAZA-BARRIS,ITAPICURU E .",RIO JOANES,BAHIA,SÃO SEBASTIÃO DO PASSÉ,50,50750000,16,16295000,114,114,2017-12-15T10:00:00.000+0000,2024-05-30T20:00:00.000+0000,INEMA-BA,INEMA-BA,Fluviométrica,1,123638250 - AÇUDE JOANES II MONTANTE MONT.3,,False,False,False,S 12° 36' 20.88'',W 38° 25' 44.04'',15/12/2017 à 30/05/2024,,,0.0,232.0,,
"{'horEstacao': 123638250, 'horDataHora': '2021-10-13T10:00:00.000+0000'}",50903260,50903260,50903260,,AÇUDE JOANES II MONTANTE MONT.3,-12.6058,-38.4289,,2024-02-09T15:23:11.863+0000,5,"5 - Atlântico, Trecho Leste","50 - RIOS VAZA-BARRIS,ITAPICURU E .",RIO JOANES,BAHIA,SÃO SEBASTIÃO DO PASSÉ,50,50750000,16,16295000,114,114,2017-12-15T10:00:00.000+0000,2024-05-30T20:00:00.000+0000,INEMA-BA,INEMA-BA,Fluviométrica,1,123638250 - AÇUDE JOANES II MONTANTE MONT.3,,False,False,False,S 12° 36' 20.88'',W 38° 25' 44.04'',15/12/2017 à 30/05/2024,,,0.0,232.0,,
"{'horEstacao': 123638250, 'horDataHora': '2021-10-13T20:00:00.000+0000'}",50903260,50903260,50903260,,AÇUDE JOANES II MONTANTE MONT.3,-12.6058,-38.4289,,2024-02-09T15:23:11.863+0000,5,"5 - Atlântico, Trecho Leste","50 - RIOS VAZA-BARRIS,ITAPICURU E .",RIO JOANES,BAHIA,SÃO SEBASTIÃO DO PASSÉ,50,50750000,16,16295000,114,114,2017-12-15T10:00:00.000+0000,2024-05-30T20:00:00.000+0000,INEMA-BA,INEMA-BA,Fluviométrica,1,123638250 - AÇUDE JOANES II MONTANTE MONT.3,,False,False,False,S 12° 36' 20.88'',W 38° 25' 44.04'',15/12/2017 à 30/05/2024,,,0.0,232.0,,
"{'horEstacao': 123638250, 'horDataHora': '2021-10-14T10:00:00.000+0000'}",50903260,50903260,50903260,,AÇUDE JOANES II MONTANTE MONT.3,-12.6058,-38.4289,,2024-02-09T15:23:11.863+0000,5,"5 - Atlântico, Trecho Leste","50 - RIOS VAZA-BARRIS,ITAPICURU E .",RIO JOANES,BAHIA,SÃO SEBASTIÃO DO PASSÉ,50,50750000,16,16295000,114,114,2017-12-15T10:00:00.000+0000,2024-05-30T20:00:00.000+0000,INEMA-BA,INEMA-BA,Fluviométrica,1,123638250 - AÇUDE JOANES II MONTANTE MONT.3,,False,False,False,S 12° 36' 20.88'',W 38° 25' 44.04'',15/12/2017 à 30/05/2024,,,0.0,232.0,,
"{'horEstacao': 123638250, 'horDataHora': '2021-10-14T20:00:00.000+0000'}",50903260,50903260,50903260,,AÇUDE JOANES II MONTANTE MONT.3,-12.6058,-38.4289,,2024-02-09T15:23:11.863+0000,5,"5 - Atlântico, Trecho Leste","50 - RIOS VAZA-BARRIS,ITAPICURU E .",RIO JOANES,BAHIA,SÃO SEBASTIÃO DO PASSÉ,50,50750000,16,16295000,114,114,2017-12-15T10:00:00.000+0000,2024-05-30T20:00:00.000+0000,INEMA-BA,INEMA-BA,Fluviométrica,1,123638250 - AÇUDE JOANES II MONTANTE MONT.3,,False,False,False,S 12° 36' 20.88'',W 38° 25' 44.04'',15/12/2017 à 30/05/2024,,,0.0,232.0,,
"{'horEstacao': 123638250, 'horDataHora': '2021-10-15T10:00:00.000+0000'}",50903260,50903260,50903260,,AÇUDE JOANES II MONTANTE MONT.3,-12.6058,-38.4289,,2024-02-09T15:23:11.863+0000,5,"5 - Atlântico, Trecho Leste","50 - RIOS VAZA-BARRIS,ITAPICURU E .",RIO JOANES,BAHIA,SÃO SEBASTIÃO DO PASSÉ,50,50750000,16,16295000,114,114,2017-12-15T10:00:00.000+0000,2024-05-30T20:00:00.000+0000,INEMA-BA,INEMA-BA,Fluviométrica,1,123638250 - AÇUDE JOANES II MONTANTE MONT.3,,False,False,False,S 12° 36' 20.88'',W 38° 25' 44.04'',15/12/2017 à 30/05/2024,,,0.0,232.0,,
"{'horEstacao': 123638250, 'horDataHora': '2021-10-15T20:00:00.000+0000'}",50903260,50903260,50903260,,AÇUDE JOANES II MONTANTE MONT.3,-12.6058,-38.4289,,2024-02-09T15:23:11.863+0000,5,"5 - Atlântico, Trecho Leste","50 - RIOS VAZA-BARRIS,ITAPICURU E .",RIO JOANES,BAHIA,SÃO SEBASTIÃO DO PASSÉ,50,50750000,16,16295000,114,114,2017-12-15T10:00:00.000+0000,2024-05-30T20:00:00.000+0000,INEMA-BA,INEMA-BA,Fluviométrica,1,123638250 - AÇUDE JOANES II MONTANTE MONT.3,,False,False,False,S 12° 36' 20.88'',W 38° 25' 44.04'',15/12/2017 à 30/05/2024,,,0.0,232.0,,
"{'horEstacao': 123638250, 'horDataHora': '2021-10-16T10:00:00.000+0000'}",50903260,50903260,50903260,,AÇUDE JOANES II MONTANTE MONT.3,-12.6058,-38.4289,,2024-02-09T15:23:11.863+0000,5,"5 - Atlântico, Trecho Leste","50 - RIOS VAZA-BARRIS,ITAPICURU E .",RIO JOANES,BAHIA,SÃO SEBASTIÃO DO PASSÉ,50,50750000,16,16295000,114,114,2017-12-15T10:00:00.000+0000,2024-05-30T20:00:00.000+0000,INEMA-BA,INEMA-BA,Fluviométrica,1,123638250 - AÇUDE JOANES II MONTANTE MONT.3,,False,False,False,S 12° 36' 20.88'',W 38° 25' 44.04'',15/12/2017 à 30/05/2024,,,0.0,232.0,,
"{'horEstacao': 123638250, 'horDataHora': '2021-10-16T20:00:00.000+0000'}",50903260,50903260,50903260,,AÇUDE JOANES II MONTANTE MONT.3,-12.6058,-38.4289,,2024-02-09T15:23:11.863+0000,5,"5 - Atlântico, Trecho Leste","50 - RIOS VAZA-BARRIS,ITAPICURU E .",RIO JOANES,BAHIA,SÃO SEBASTIÃO DO PASSÉ,50,50750000,16,16295000,114,114,2017-12-15T10:00:00.000+0000,2024-05-30T20:00:00.000+0000,INEMA-BA,INEMA-BA,Fluviométrica,1,123638250 - AÇUDE JOANES II MONTANTE MONT.3,,False,False,False,S 12° 36' 20.88'',W 38° 25' 44.04'',15/12/2017 à 30/05/2024,,,0.0,232.0,,
"{'horEstacao': 123638250, 'horDataHora': '2021-10-17T10:00:00.000+0000'}",50903260,50903260,50903260,,AÇUDE JOANES II MONTANTE MONT.3,-12.6058,-38.4289,,2024-02-09T15:23:11.863+0000,5,"5 - Atlântico, Trecho Leste","50 - RIOS VAZA-BARRIS,ITAPICURU E .",RIO JOANES,BAHIA,SÃO SEBASTIÃO DO PASSÉ,50,50750000,16,16295000,114,114,2017-12-15T10:00:00.000+0000,2024-05-30T20:00:00.000+0000,INEMA-BA,INEMA-BA,Fluviométrica,1,123638250 - AÇUDE JOANES II MONTANTE MONT.3,,False,False,False,S 12° 36' 20.88'',W 38° 25' 44.04'',15/12/2017 à 30/05/2024,,,0.0,230.0,,
"{'horEstacao': 123638250, 'horDataHora': '2021-10-17T20:00:00.000+0000'}",50903260,50903260,50903260,,AÇUDE JOANES II MONTANTE MONT.3,-12.6058,-38.4289,,2024-02-09T15:23:11.863+0000,5,"5 - Atlântico, Trecho Leste","50 - RIOS VAZA-BARRIS,ITAPICURU E .",RIO JOANES,BAHIA,SÃO SEBASTIÃO DO PASSÉ,50,50750000,16,16295000,114,114,2017-12-15T10:00:00.000+0000,2024-05-30T20:00:00.000+0000,INEMA-BA,INEMA-BA,Fluviométrica,1,123638250 - AÇUDE JOANES II MONTANTE MONT.3,,False,False,False,S 12° 36' 20.88'',W 38° 25' 44.04'',15/12/2017 à 30/05/2024,,,0.0,230.0,,
"{'horEstacao': 123638250, 'horDataHora': '2021-10-18T10:00:00.000+0000'}",50903260,50903260,50903260,,AÇUDE JOANES II MONTANTE MONT.3,-12.6058,-38.4289,,2024-02-09T15:23:11.863+0000,5,"5 - Atlântico, Trecho Leste","50 - RIOS VAZA-BARRIS,ITAPICURU E .",RIO JOANES,BAHIA,SÃO SEBASTIÃO DO PASSÉ,50,50750000,16,16295000,114,114,2017-12-15T10:00:00.000+0000,2024-05-30T20:00:00.000+0000,INEMA-BA,INEMA-BA,Fluviométrica,1,123638250 - AÇUDE JOANES II MONTANTE MONT.3,,False,False,False,S 12° 36' 20.88'',W 38° 25' 44.04'',15/12/2017 à 30/05/2024,,,0.0,230.0,,
"{'horEstacao': 123638250, 'horDataHora': '2021-10-18T20:00:00.000+0000'}",50903260,50903260,50903260,,AÇUDE JOANES II MONTANTE MONT.3,-12.6058,-38.4289,,2024-02-09T15:23:11.863+0000,5,"5 - Atlântico, Trecho Leste","50 - RIOS VAZA-BARRIS,ITAPICURU E .",RIO JOANES,BAHIA,SÃO SEBASTIÃO DO PASSÉ,50,50750000,16,16295000,114,114,2017-12-15T10:00:00.000+0000,2024-05-30T20:00:00.000+0000,INEMA-BA,INEMA-BA,Fluviométrica,1,123638250 - AÇUDE JOANES II MONTANTE MONT.3,,False,False,False,S 12° 36' 20.88'',W 38° 25' 44.04'',15/12/2017 à 30/05/2024,,,0.0,230.0,,
"{'horEstacao': 123638250, 'horDataHora': '2021-10-19T10:00:00.000+0000'}",50903260,50903260,50903260,,AÇUDE JOANES II MONTANTE MONT.3,-12.6058,-38.4289,,2024-02-09T15:23:11.863+0000,5,"5 - Atlântico, Trecho Leste","50 - RIOS VAZA-BARRIS,ITAPICURU E .",RIO JOANES,BAHIA,SÃO SEBASTIÃO DO PASSÉ,50,50750000,16,16295000,114,114,2017-12-15T10:00:00.000+0000,2024-05-30T20:00:00.000+0000,INEMA-BA,INEMA-BA,Fluviométrica,1,123638250 - AÇUDE JOANES II MONTANTE MONT.3,,False,False,False,S 12° 36' 20.88'',W 38° 25' 44.04'',15/12/2017 à 30/05/2024,,,0.0,230.0,,
"{'horEstacao': 123638250, 'horDataHora': '2021-10-19T20:00:00.000+0000'}",50903260,50903260,50903260,,AÇUDE JOANES II MONTANTE MONT.3,-12.6058,-38.4289,,2024-02-09T15:23:11.863+0000,5,"5 - Atlântico, Trecho Leste","50 - RIOS VAZA-BARRIS,ITAPICURU E .",RIO JOANES,BAHIA,SÃO SEBASTIÃO DO PASSÉ,50,50750000,16,16295000,114,114,2017-12-15T10:00:00.000+0000,2024-05-30T20:00:00.000+0000,INEMA-BA,INEMA-BA,Fluviométrica,1,123638250 - AÇUDE JOANES II MONTANTE MONT.3,,False,False,False,S 12° 36' 20.88'',W 38° 25' 44.04'',15/12/2017 à 30/05/2024,,,0.0,230.0,,
"{'horEstacao': 123638250, 'horDataHora': '2021-10-20T10:00:00.000+0000'}",50903260,50903260,50903260,,AÇUDE JOANES II MONTANTE MONT.3,-12.6058,-38.4289,,2024-02-09T15:23:11.863+0000,5,"5 - Atlântico, Trecho Leste","50 - RIOS VAZA-BARRIS,ITAPICURU E .",RIO JOANES,BAHIA,SÃO SEBASTIÃO DO PASSÉ,50,50750000,16,16295000,114,114,2017-12-15T10:00:00.000+0000,2024-05-30T20:00:00.000+0000,INEMA-BA,INEMA-BA,Fluviométrica,1,123638250 - AÇUDE JOANES II MONTANTE MONT.3,,False,False,False,S 12° 36' 20.88'',W 38° 25' 44.04'',15/12/2017 à 30/05/2024,,,0.0,230.0,,
"{'horEstacao': 123638250, 'horDataHora': '2021-10-20T20:00:00.000+0000'}",50903260,50903260,50903260,,AÇUDE JOANES II MONTANTE MONT.3,-12.6058,-38.4289,,2024-02-09T15:23:11.863+0000,5,"5 - Atlântico, Trecho Leste","50 - RIOS VAZA-BARRIS,ITAPICURU E .",RIO JOANES,BAHIA,SÃO SEBASTIÃO DO PASSÉ,50,50750000,16,16295000,114,114,2017-12-15T10:00:00.000+0000,2024-05-30T20:00:00.000+0000,INEMA-BA,INEMA-BA,Fluviométrica,1,123638250 - AÇUDE JOANES II MONTANTE MONT.3,,False,False,False,S 12° 36' 20.88'',W 38° 25' 44.04'',15/12/2017 à 30/05/2024,,,0.0,230.0,,
"{'horEstacao': 123638250, 'horDataHora': '2021-10-21T10:00:00.000+0000'}",50903260,50903260,50903260,,AÇUDE JOANES II MONTANTE MONT.3,-12.6058,-38.4289,,2024-02-09T15:23:11.863+0000,5,"5 - Atlântico, Trecho Leste","50 - RIOS VAZA-BARRIS,ITAPICURU E .",RIO JOANES,BAHIA,SÃO SEBASTIÃO DO PASSÉ,50,50750000,16,16295000,114,114,2017-12-15T10:00:00.000+0000,2024-05-30T20:00:00.000+0000,INEMA-BA,INEMA-BA,Fluviométrica,1,123638250 - AÇUDE JOANES II MONTANTE MONT.3,,False,False,False,S 12° 36' 20.88'',W 38° 25' 44.04'',15/12/2017 à 30/05/2024,,,0.0,232.0,,
"{'horEstacao': 123638250, 'horDataHora': '2021-10-21T20:00:00.000+0000'}",50903260,50903260,50903260,,AÇUDE JOANES II MONTANTE MONT.3,-12.6058,-38.4289,,2024-02-09T15:23:11.863+0000,5,"5 - Atlântico, Trecho Leste","50 - RIOS VAZA-BARRIS,ITAPICURU E .",RIO JOANES,BAHIA,SÃO SEBASTIÃO DO PASSÉ,50,50750000,16,16295000,114,114,2017-12-15T10:00:00.000+0000,2024-05-30T20:00:00.000+0000,INEMA-BA,INEMA-BA,Fluviométrica,1,123638250 - AÇUDE JOANES II MONTANTE MONT.3,,False,False,False,S 12° 36' 20.88'',W 38° 25' 44.04'',15/12/2017 à 30/05/2024,,,0.0,232.0,,
"{'horEstacao': 123638250, 'horDataHora': '2021-10-22T10:00:00.000+0000'}",50903260,50903260,50903260,,AÇUDE JOANES II MONTANTE MONT.3,-12.6058,-38.4289,,2024-02-09T15:23:11.863+0000,5,"5 - Atlântico, Trecho Leste","50 - RIOS VAZA-BARRIS,ITAPICURU E .",RIO JOANES,BAHIA,SÃO SEBASTIÃO DO PASSÉ,50,50750000,16,16295000,114,114,2017-12-15T10:00:00.000+0000,2024-05-30T20:00:00.000+0000,INEMA-BA,INEMA-BA,Fluviométrica,1,123638250 - AÇUDE JOANES II MONTANTE MONT.3,,False,False,False,S 12° 36' 20.88'',W 38° 25' 44.04'',15/12/2017 à 30/05/2024,,,0.0,232.0,,
"{'horEstacao': 123638250, 'horDataHora': '2021-10-22T20:00:00.000+0000'}",50903260,50903260,50903260,,AÇUDE JOANES II MONTANTE MONT.3,-12.6058,-38.4289,,2024-02-09T15:23:11.863+0000,5,"5 - Atlântico, Trecho Leste","50 - RIOS VAZA-BARRIS,ITAPICURU E .",RIO JOANES,BAHIA,SÃO SEBASTIÃO DO PASSÉ,50,50750000,16,16295000,114,114,2017-12-15T10:00:00.000+0000,2024-05-30T20:00:00.000+0000,INEMA-BA,INEMA-BA,Fluviométrica,1,123638250 - AÇUDE JOANES II MONTANTE MONT.3,,False,False,False,S 12° 36' 20.88'',W 38° 25' 44.04'',15/12/2017 à 30/05/2024,,,0.0,232.0,,
"{'horEstacao': 123638250, 'horDataHora': '2021-10-23T10:00:00.000+0000'}",50903260,50903260,50903260,,AÇUDE JOANES II MONTANTE MONT.3,-12.6058,-38.4289,,2024-02-09T15:23:11.863+0000,5,"5 - Atlântico, Trecho Leste","50 - RIOS VAZA-BARRIS,ITAPICURU E .",RIO JOANES,BAHIA,SÃO SEBASTIÃO DO PASSÉ,50,50750000,16,16295000,114,114,2017-12-15T10:00:00.000+0000,2024-05-30T20:00:00.000+0000,INEMA-BA,INEMA-BA,Fluviométrica,1,123638250 - AÇUDE JOANES II MONTANTE MONT.3,,False,False,False,S 12° 36' 20.88'',W 38° 25' 44.04'',15/12/2017 à 30/05/2024,,,0.0,232.0,,
"{'horEstacao': 123638250, 'horDataHora': '2021-10-23T20:00:00.000+0000'}",50903260,50903260,50903260,,AÇUDE JOANES II MONTANTE MONT.3,-12.6058,-38.4289,,2024-02-09T15:23:11.863+0000,5,"5 - Atlântico, Trecho Leste","50 - RIOS VAZA-BARRIS,ITAPICURU E .",RIO JOANES,BAHIA,SÃO SEBASTIÃO DO PASSÉ,50,50750000,16,16295000,114,114,2017-12-15T10:00:00.000+0000,2024-05-30T20:00:00.000+0000,INEMA-BA,INEMA-BA,Fluviométrica,1,123638250 - AÇUDE JOANES II MONTANTE MONT.3,,False,False,False,S 12° 36' 20.88'',W 38° 25' 44.04'',15/12/2017 à 30/05/2024,,,0.0,256.0,,
"{'horEstacao': 123638250, 'horDataHora': '2021-10-24T10:00:00.000+0000'}",50903260,50903260,50903260,,AÇUDE JOANES II MONTANTE MONT.3,-12.6058,-38.4289,,2024-02-09T15:23:11.863+0000,5,"5 - Atlântico, Trecho Leste","50 - RIOS VAZA-BARRIS,ITAPICURU E .",RIO JOANES,BAHIA,SÃO SEBASTIÃO DO PASSÉ,50,50750000,16,16295000,114,114,2017-12-15T10:00:00.000+0000,2024-05-30T20:00:00.000+0000,INEMA-BA,INEMA-BA,Fluviométrica,1,123638250 - AÇUDE JOANES II MONTANTE MONT.3,,False,False,False,S 12° 36' 20.88'',W 38° 25' 44.04'',15/12/2017 à 30/05/2024,,,0.0,248.0,,
"{'horEstacao': 123638250, 'horDataHora': '2021-10-24T20:00:00.000+0000'}",50903260,50903260,50903260,,AÇUDE JOANES II MONTANTE MONT.3,-12.6058,-38.4289,,2024-02-09T15:23:11.863+0000,5,"5 - Atlântico, Trecho Leste","50 - RIOS VAZA-BARRIS,ITAPICURU E .",RIO JOANES,BAHIA,SÃO SEBASTIÃO DO PASSÉ,50,50750000,16,16295000,114,114,2017-12-15T10:00:00.000+0000,2024-05-30T20:00:00.000+0000,INEMA-BA,INEMA-BA,Fluviométrica,1,123638250 - AÇUDE JOANES II MONTANTE MONT.3,,False,False,False,S 12° 36' 20.88'',W 38° 25' 44.04'',15/12/2017 à 30/05/2024,,,0.0,248.0,,
"{'horEstacao': 123638250, 'horDataHora': '2021-10-25T10:00:00.000+0000'}",50903260,50903260,50903260,,AÇUDE JOANES II MONTANTE MONT.3,-12.6058,-38.4289,,2024-02-09T15:23:11.863+0000,5,"5 - Atlântico, Trecho Leste","50 - RIOS VAZA-BARRIS,ITAPICURU E .",RIO JOANES,BAHIA,SÃO SEBASTIÃO DO PASSÉ,50,50750000,16,16295000,114,114,2017-12-15T10:00:00.000+0000,2024-05-30T20:00:00.000+0000,INEMA-BA,INEMA-BA,Fluviométrica,1,123638250 - AÇUDE JOANES II MONTANTE MONT.3,,False,False,False,S 12° 36' 20.88'',W 38° 25' 44.04'',15/12/2017 à 30/05/2024,,,0.0,246.0,,
"{'horEstacao': 123638250, 'horDataHora': '2021-10-25T20:00:00.000+0000'}",50903260,50903260,50903260,,AÇUDE JOANES II MONTANTE MONT.3,-12.6058,-38.4289,,2024-02-09T15:23:11.863+0000,5,"5 - Atlântico, Trecho Leste","50 - RIOS VAZA-BARRIS,ITAPICURU E .",RIO JOANES,BAHIA,SÃO SEBASTIÃO DO PASSÉ,50,50750000,16,16295000,114,114,2017-12-15T10:00:00.000+0000,2024-05-30T20:00:00.000+0000,INEMA-BA,INEMA-BA,Fluviométrica,1,123638250 - AÇUDE JOANES II MONTANTE MONT.3,,False,False,False,S 12° 36' 20.88'',W 38° 25' 44.04'',15/12/2017 à 30/05/2024,,,0.0,240.0,,
"{'horEstacao': 123638250, 'horDataHora': '2021-10-26T10:00:00.000+0000'}",50903260,50903260,50903260,,AÇUDE JOANES II MONTANTE MONT.3,-12.6058,-38.4289,,2024-02-09T15:23:11.863+0000,5,"5 - Atlântico, Trecho Leste","50 - RIOS VAZA-BARRIS,ITAPICURU E .",RIO JOANES,BAHIA,SÃO SEBASTIÃO DO PASSÉ,50,50750000,16,16295000,114,114,2017-12-15T10:00:00.000+0000,2024-05-30T20:00:00.000+0000,INEMA-BA,INEMA-BA,Fluviométrica,1,123638250 - AÇUDE JOANES II MONTANTE MONT.3,,False,False,False,S 12° 36' 20.88'',W 38° 25' 44.04'',15/12/2017 à 30/05/2024,,,0.0,236.0,,
"{'horEstacao': 123638250, 'horDataHora': '2021-10-26T20:00:00.000+0000'}",50903260,50903260,50903260,,AÇUDE JOANES II MONTANTE MONT.3,-12.6058,-38.4289,,2024-02-09T15:23:11.863+0000,5,"5 - Atlântico, Trecho Leste","50 - RIOS VAZA-BARRIS,ITAPICURU E .",RIO JOANES,BAHIA,SÃO SEBASTIÃO DO PASSÉ,50,50750000,16,16295000,114,114,2017-12-15T10:00:00.000+0000,2024-05-30T20:00:00.000+0000,INEMA-BA,INEMA-BA,Fluviométrica,1,123638250 - AÇUDE JOANES II MONTANTE MONT.3,,False,False,False,S 12° 36' 20.88'',W 38° 25' 44.04'',15/12/2017 à 30/05/2024,,,0.0,236.0,,
"{'horEstacao': 123638250, 'horDataHora': '2021-10-27T10:00:00.000+0000'}",50903260,50903260,50903260,,AÇUDE JOANES II MONTANTE MONT.3,-12.6058,-38.4289,,2024-02-09T15:23:11.863+0000,5,"5 - Atlântico, Trecho Leste","50 - RIOS VAZA-BARRIS,ITAPICURU E .",RIO JOANES,BAHIA,SÃO SEBASTIÃO DO PASSÉ,50,50750000,16,16295000,114,114,2017-12-15T10:00:00.000+0000,2024-05-30T20:00:00.000+0000,INEMA-BA,INEMA-BA,Fluviométrica,1,123638250 - AÇUDE JOANES II MONTANTE MONT.3,,False,False,False,S 12° 36' 20.88'',W 38° 25' 44.04'',15/12/2017 à 30/05/2024,,,0.0,236.0,,
"{'horEstacao': 123638250, 'horDataHora': '2021-10-27T20:00:00.000+0000'}",50903260,50903260,50903260,,AÇUDE JOANES II MONTANTE MONT.3,-12.6058,-38.4289,,2024-02-09T15:23:11.863+0000,5,"5 - Atlântico, Trecho Leste","50 - RIOS VAZA-BARRIS,ITAPICURU E .",RIO JOANES,BAHIA,SÃO SEBASTIÃO DO PASSÉ,50,50750000,16,16295000,114,114,2017-12-15T10:00:00.000+0000,2024-05-30T20:00:00.000+0000,INEMA-BA,INEMA-BA,Fluviométrica,1,123638250 - AÇUDE JOANES II MONTANTE MONT.3,,False,False,False,S 12° 36' 20.88'',W 38° 25' 44.04'',15/12/2017 à 30/05/2024,,,0.0,236.0,,
"{'horEstacao': 123638250, 'horDataHora': '2021-10-28T10:00:00.000+0000'}",50903260,50903260,50903260,,AÇUDE JOANES II MONTANTE MONT.3,-12.6058,-38.4289,,2024-02-09T15:23:11.863+0000,5,"5 - Atlântico, Trecho Leste","50 - RIOS VAZA-BARRIS,ITAPICURU E .",RIO JOANES,BAHIA,SÃO SEBASTIÃO DO PASSÉ,50,50750000,16,16295000,114,114,2017-12-15T10:00:00.000+0000,2024-05-30T20:00:00.000+0000,INEMA-BA,INEMA-BA,Fluviométrica,1,123638250 - AÇUDE JOANES II MONTANTE MONT.3,,False,False,False,S 12° 36' 20.88'',W 38° 25' 44.04'',15/12/2017 à 30/05/2024,,,0.0,236.0,,
"{'horEstacao': 123638250, 'horDataHora': '2021-10-28T20:00:00.000+0000'}",50903260,50903260,50903260,,AÇUDE JOANES II MONTANTE MONT.3,-12.6058,-38.4289,,2024-02-09T15:23:11.863+0000,5,"5 - Atlântico, Trecho Leste","50 - RIOS VAZA-BARRIS,ITAPICURU E .",RIO JOANES,BAHIA,SÃO SEBASTIÃO DO PASSÉ,50,50750000,16,16295000,114,114,2017-12-15T10:00:00.000+0000,2024-05-30T20:00:00.000+0000,INEMA-BA,INEMA-BA,Fluviométrica,1,123638250 - AÇUDE JOANES II MONTANTE MONT.3,,False,False,False,S 12° 36' 20.88'',W 38° 25' 44.04'',15/12/2017 à 30/05/2024,,,0.0,242.0,,
"{'horEstacao': 123638250, 'horDataHora': '2021-10-29T10:00:00.000+0000'}",50903260,50903260,50903260,,AÇUDE JOANES II MONTANTE MONT.3,-12.6058,-38.4289,,2024-02-09T15:23:11.863+0000,5,"5 - Atlântico, Trecho Leste","50 - RIOS VAZA-BARRIS,ITAPICURU E .",RIO JOANES,BAHIA,SÃO SEBASTIÃO DO PASSÉ,50,50750000,16,16295000,114,114,2017-12-15T10:00:00.000+0000,2024-05-30T20:00:00.000+0000,INEMA-BA,INEMA-BA,Fluviométrica,1,123638250 - AÇUDE JOANES II MONTANTE MONT.3,,False,False,False,S 12° 36' 20.88'',W 38° 25' 44.04'',15/12/2017 à 30/05/2024,,,0.0,242.0,,
"{'horEstacao': 123638250, 'horDataHora': '2021-10-29T20:00:00.000+0000'}",50903260,50903260,50903260,,AÇUDE JOANES II MONTANTE MONT.3,-12.6058,-38.4289,,2024-02-09T15:23:11.863+0000,5,"5 - Atlântico, Trecho Leste","50 - RIOS VAZA-BARRIS,ITAPICURU E .",RIO JOANES,BAHIA,SÃO SEBASTIÃO DO PASSÉ,50,50750000,16,16295000,114,114,2017-12-15T10:00:00.000+0000,2024-05-30T20:00:00.000+0000,INEMA-BA,INEMA-BA,Fluviométrica,1,123638250 - AÇUDE JOANES II MONTANTE MONT.3,,False,False,False,S 12° 36' 20.88'',W 38° 25' 44.04'',15/12/2017 à 30/05/2024,,,0.0,242.0,,
"{'horEstacao': 123638250, 'horDataHora': '2021-10-30T10:00:00.000+0000'}",50903260,50903260,50903260,,AÇUDE JOANES II MONTANTE MONT.3,-12.6058,-38.4289,,2024-02-09T15:23:11.863+0000,5,"5 - Atlântico, Trecho Leste","50 - RIOS VAZA-BARRIS,ITAPICURU E .",RIO JOANES,BAHIA,SÃO SEBASTIÃO DO PASSÉ,50,50750000,16,16295000,114,114,2017-12-15T10:00:00.000+0000,2024-05-30T20:00:00.000+0000,INEMA-BA,INEMA-BA,Fluviométrica,1,123638250 - AÇUDE JOANES II MONTANTE MONT.3,,False,False,False,S 12° 36' 20.88'',W 38° 25' 44.04'',15/12/2017 à 30/05/2024,,,0.0,242.0,,
"{'horEstacao': 123638250, 'horDataHora': '2021-10-30T20:00:00.000+0000'}",50903260,50903260,50903260,,AÇUDE JOANES II MONTANTE MONT.3,-12.6058,-38.4289,,2024-02-09T15:23:11.863+0000,5,"5 - Atlântico, Trecho Leste","50 - RIOS VAZA-BARRIS,ITAPICURU E .",RIO JOANES,BAHIA,SÃO SEBASTIÃO DO PASSÉ,50,50750000,16,16295000,114,114,2017-12-15T10:00:00.000+0000,2024-05-30T20:00:00.000+0000,INEMA-BA,INEMA-BA,Fluviométrica,1,123638250 - AÇUDE JOANES II MONTANTE MONT.3,,False,False,False,S 12° 36' 20.88'',W 38° 25' 44.04'',15/12/2017 à 30/05/2024,,,0.0,242.0,,
"{'horEstacao': 123638250, 'horDataHora': '2021-10-31T10:00:00.000+0000'}",50903260,50903260,50903260,,AÇUDE JOANES II MONTANTE MONT.3,-12.6058,-38.4289,,2024-02-09T15:23:11.863+0000,5,"5 - Atlântico, Trecho Leste","50 - RIOS VAZA-BARRIS,ITAPICURU E .",RIO JOANES,BAHIA,SÃO SEBASTIÃO DO PASSÉ,50,50750000,16,16295000,114,114,2017-12-15T10:00:00.000+0000,2024-05-30T20:00:00.000+0000,INEMA-BA,INEMA-BA,Fluviométrica,1,123638250 - AÇUDE JOANES II MONTANTE MONT.3,,False,False,False,S 12° 36' 20.88'',W 38° 25' 44.04'',15/12/2017 à 30/05/2024,,,0.0,244.0,,
"{'horEstacao': 123638250, 'horDataHora': '2021-10-31T20:00:00.000+0000'}",50903260,50903260,50903260,,AÇUDE JOANES II MONTANTE MONT.3,-12.6058,-38.4289,,2024-02-09T15:23:11.863+0000,5,"5 - Atlântico, Trecho Leste","50 - RIOS VAZA-BARRIS,ITAPICURU E .",RIO JOANES,BAHIA,SÃO SEBASTIÃO DO PASSÉ,50,50750000,16,16295000,114,114,2017-12-15T10:00:00.000+0000,2024-05-30T20:00:00.000+0000,INEMA-BA,INEMA-BA,Fluviométrica,1,123638250 - AÇUDE JOANES II MONTANTE MONT.3,,False,False,False,S 12° 36' 20.88'',W 38° 25' 44.04'',15/12/2017 à 30/05/2024,,,0.0,244.0,,
"{'horEstacao': 123638250, 'horDataHora': '2021-11-01T10:00:00.000+0000'}",50903260,50903260,50903260,,AÇUDE JOANES II MONTANTE MONT.3,-12.6058,-38.4289,,2024-02-09T15:23:11.863+0000,5,"5 - Atlântico, Trecho Leste","50 - RIOS VAZA-BARRIS,ITAPICURU E .",RIO JOANES,BAHIA,SÃO SEBASTIÃO DO PASSÉ,50,50750000,16,16295000,114,114,2017-12-15T10:00:00.000+0000,2024-05-30T20:00:00.000+0000,INEMA-BA,INEMA-BA,Fluviométrica,1,123638250 - AÇUDE JOANES II MONTANTE MONT.3,,False,False,False,S 12° 36' 20.88'',W 38° 25' 44.04'',15/12/2017 à 30/05/2024,,,0.0,244.0,,
"{'horEstacao': 123638250, 'horDataHora': '2021-11-01T20:00:00.000+0000'}",50903260,50903260,50903260,,AÇUDE JOANES II MONTANTE MONT.3,-12.6058,-38.4289,,2024-02-09T15:23:11.863+0000,5,"5 - Atlântico, Trecho Leste","50 - RIOS VAZA-BARRIS,ITAPICURU E .",RIO JOANES,BAHIA,SÃO SEBASTIÃO DO PASSÉ,50,50750000,16,16295000,114,114,2017-12-15T10:00:00.000+0000,2024-05-30T20:00:00.000+0000,INEMA-BA,INEMA-BA,Fluviométrica,1,123638250 - AÇUDE JOANES II MONTANTE MONT.3,,False,False,False,S 12° 36' 20.88'',W 38° 25' 44.04'',15/12/2017 à 30/05/2024,,,0.0,244.0,,
"{'horEstacao': 123638250, 'horDataHora': '2021-11-02T10:00:00.000+0000'}",50903260,50903260,50903260,,AÇUDE JOANES II MONTANTE MONT.3,-12.6058,-38.4289,,2024-02-09T15:23:11.863+0000,5,"5 - Atlântico, Trecho Leste","50 - RIOS VAZA-BARRIS,ITAPICURU E .",RIO JOANES,BAHIA,SÃO SEBASTIÃO DO PASSÉ,50,50750000,16,16295000,114,114,2017-12-15T10:00:00.000+0000,2024-05-30T20:00:00.000+0000,INEMA-BA,INEMA-BA,Fluviométrica,1,123638250 - AÇUDE JOANES II MONTANTE MONT.3,,False,False,False,S 12° 36' 20.88'',W 38° 25' 44.04'',15/12/2017 à 30/05/2024,,,0.0,244.0,,
"{'horEstacao': 123638250, 'horDataHora': '2021-11-02T20:00:00.000+0000'}",50903260,50903260,50903260,,AÇUDE JOANES II MONTANTE MONT.3,-12.6058,-38.4289,,2024-02-09T15:23:11.863+0000,5,"5 - Atlântico, Trecho Leste","50 - RIOS VAZA-BARRIS,ITAPICURU E .",RIO JOANES,BAHIA,SÃO SEBASTIÃO DO PASSÉ,50,50750000,16,16295000,114,114,2017-12-15T10:00:00.000+0000,2024-05-30T20:00:00.000+0000,INEMA-BA,INEMA-BA,Fluviométrica,1,123638250 - AÇUDE JOANES II MONTANTE MONT.3,,False,False,False,S 12° 36' 20.88'',W 38° 25' 44.04'',15/12/2017 à 30/05/2024,,,0.0,244.0,,
"{'horEstacao': 123638250, 'horDataHora': '2021-11-03T10:00:00.000+0000'}",50903260,50903260,50903260,,AÇUDE JOANES II MONTANTE MONT.3,-12.6058,-38.4289,,2024-02-09T15:23:11.863+0000,5,"5 - Atlântico, Trecho Leste","50 - RIOS VAZA-BARRIS,ITAPICURU E .",RIO JOANES,BAHIA,SÃO SEBASTIÃO DO PASSÉ,50,50750000,16,16295000,114,114,2017-12-15T10:00:00.000+0000,2024-05-30T20:00:00.000+0000,INEMA-BA,INEMA-BA,Fluviométrica,1,123638250 - AÇUDE JOANES II MONTANTE MONT.3,,False,False,False,S 12° 36' 20.88'',W 38° 25' 44.04'',15/12/2017 à 30/05/2024,,,0.0,252.0,,
"{'horEstacao': 123638250, 'horDataHora': '2021-11-03T20:00:00.000+0000'}",50903260,50903260,50903260,,AÇUDE JOANES II MONTANTE MONT.3,-12.6058,-38.4289,,2024-02-09T15:23:11.863+0000,5,"5 - Atlântico, Trecho Leste","50 - RIOS VAZA-BARRIS,ITAPICURU E .",RIO JOANES,BAHIA,SÃO SEBASTIÃO DO PASSÉ,50,50750000,16,16295000,114,114,2017-12-15T10:00:00.000+0000,2024-05-30T20:00:00.000+0000,INEMA-BA,INEMA-BA,Fluviométrica,1,123638250 - AÇUDE JOANES II MONTANTE MONT.3,,False,False,False,S 12° 36' 20.88'',W 38° 25' 44.04'',15/12/2017 à 30/05/2024,,,0.0,284.0,,
"{'horEstacao': 123638250, 'horDataHora': '2021-11-04T10:00:00.000+0000'}",50903260,50903260,50903260,,AÇUDE JOANES II MONTANTE MONT.3,-12.6058,-38.4289,,2024-02-09T15:23:11.863+0000,5,"5 - Atlântico, Trecho Leste","50 - RIOS VAZA-BARRIS,ITAPICURU E .",RIO JOANES,BAHIA,SÃO SEBASTIÃO DO PASSÉ,50,50750000,16,16295000,114,114,2017-12-15T10:00:00.000+0000,2024-05-30T20:00:00.000+0000,INEMA-BA,INEMA-BA,Fluviométrica,1,123638250 - AÇUDE JOANES II MONTANTE MONT.3,,False,False,False,S 12° 36' 20.88'',W 38° 25' 44.04'',15/12/2017 à 30/05/2024,,,0.0,266.0,,
"{'horEstacao': 123638250, 'horDataHora': '2021-11-04T20:00:00.000+0000'}",50903260,50903260,50903260,,AÇUDE JOANES II MONTANTE MONT.3,-12.6058,-38.4289,,2024-02-09T15:23:11.863+0000,5,"5 - Atlântico, Trecho Leste","50 - RIOS VAZA-BARRIS,ITAPICURU E .",RIO JOANES,BAHIA,SÃO SEBASTIÃO DO PASSÉ,50,50750000,16,16295000,114,114,2017-12-15T10:00:00.000+0000,2024-05-30T20:00:00.000+0000,INEMA-BA,INEMA-BA,Fluviométrica,1,123638250 - AÇUDE JOANES II MONTANTE MONT.3,,False,False,False,S 12° 36' 20.88'',W 38° 25' 44.04'',15/12/2017 à 30/05/2024,,,0.0,258.0,,
"{'horEstacao': 123638250, 'horDataHora': '2021-11-05T10:00:00.000+0000'}",50903260,50903260,50903260,,AÇUDE JOANES II MONTANTE MONT.3,-12.6058,-38.4289,,2024-02-09T15:23:11.863+0000,5,"5 - Atlântico, Trecho Leste","50 - RIOS VAZA-BARRIS,ITAPICURU E .",RIO JOANES,BAHIA,SÃO SEBASTIÃO DO PASSÉ,50,50750000,16,16295000,114,114,2017-12-15T10:00:00.000+0000,2024-05-30T20:00:00.000+0000,INEMA-BA,INEMA-BA,Fluviométrica,1,123638250 - AÇUDE JOANES II MONTANTE MONT.3,,False,False,False,S 12° 36' 20.88'',W 38° 25' 44.04'',15/12/2017 à 30/05/2024,,,0.0,260.0,,
"{'horEstacao': 123638250, 'horDataHora': '2021-11-05T20:00:00.000+0000'}",50903260,50903260,50903260,,AÇUDE JOANES II MONTANTE MONT.3,-12.6058,-38.4289,,2024-02-09T15:23:11.863+0000,5,"5 - Atlântico, Trecho Leste","50 - RIOS VAZA-BARRIS,ITAPICURU E .",RIO JOANES,BAHIA,SÃO SEBASTIÃO DO PASSÉ,50,50750000,16,16295000,114,114,2017-12-15T10:00:00.000+0000,2024-05-30T20:00:00.000+0000,INEMA-BA,INEMA-BA,Fluviométrica,1,123638250 - AÇUDE JOANES II MONTANTE MONT.3,,False,False,False,S 12° 36' 20.88'',W 38° 25' 44.04'',15/12/2017 à 30/05/2024,,,0.0,258.0,,
"{'horEstacao': 123638250, 'horDataHora': '2021-11-06T10:00:00.000+0000'}",50903260,50903260,50903260,,AÇUDE JOANES II MONTANTE MONT.3,-12.6058,-38.4289,,2024-02-09T15:23:11.863+0000,5,"5 - Atlântico, Trecho Leste","50 - RIOS VAZA-BARRIS,ITAPICURU E .",RIO JOANES,BAHIA,SÃO SEBASTIÃO DO PASSÉ,50,50750000,16,16295000,114,114,2017-12-15T10:00:00.000+0000,2024-05-30T20:00:00.000+0000,INEMA-BA,INEMA-BA,Fluviométrica,1,123638250 - AÇUDE JOANES II MONTANTE MONT.3,,False,False,False,S 12° 36' 20.88'',W 38° 25' 44.04'',15/12/2017 à 30/05/2024,,,0.0,332.0,,
"{'horEstacao': 123638250, 'horDataHora': '2021-11-06T20:00:00.000+0000'}",50903260,50903260,50903260,,AÇUDE JOANES II MONTANTE MONT.3,-12.6058,-38.4289,,2024-02-09T15:23:11.863+0000,5,"5 - Atlântico, Trecho Leste","50 - RIOS VAZA-BARRIS,ITAPICURU E .",RIO JOANES,BAHIA,SÃO SEBASTIÃO DO PASSÉ,50,50750000,16,16295000,114,114,2017-12-15T10:00:00.000+0000,2024-05-30T20:00:00.000+0000,INEMA-BA,INEMA-BA,Fluviométrica,1,123638250 - AÇUDE JOANES II MONTANTE MONT.3,,False,False,False,S 12° 36' 20.88'',W 38° 25' 44.04'',15/12/2017 à 30/05/2024,,,0.0,350.0,,
"{'horEstacao': 123638250, 'horDataHora': '2021-11-07T10:00:00.000+0000'}",50903260,50903260,50903260,,AÇUDE JOANES II MONTANTE MONT.3,-12.6058,-38.4289,,2024-02-09T15:23:11.863+0000,5,"5 - Atlântico, Trecho Leste","50 - RIOS VAZA-BARRIS,ITAPICURU E .",RIO JOANES,BAHIA,SÃO SEBASTIÃO DO PASSÉ,50,50750000,16,16295000,114,114,2017-12-15T10:00:00.000+0000,2024-05-30T20:00:00.000+0000,INEMA-BA,INEMA-BA,Fluviométrica,1,123638250 - AÇUDE JOANES II MONTANTE MONT.3,,False,False,False,S 12° 36' 20.88'',W 38° 25' 44.04'',15/12/2017 à 30/05/2024,,,0.0,378.0,,
"{'horEstacao': 123638250, 'horDataHora': '2021-11-07T20:00:00.000+0000'}",50903260,50903260,50903260,,AÇUDE JOANES II MONTANTE MONT.3,-12.6058,-38.4289,,2024-02-09T15:23:11.863+0000,5,"5 - Atlântico, Trecho Leste","50 - RIOS VAZA-BARRIS,ITAPICURU E .",RIO JOANES,BAHIA,SÃO SEBASTIÃO DO PASSÉ,50,50750000,16,16295000,114,114,2017-12-15T10:00:00.000+0000,2024-05-30T20:00:00.000+0000,INEMA-BA,INEMA-BA,Fluviométrica,1,123638250 - AÇUDE JOANES II MONTANTE MONT.3,,False,False,False,S 12° 36' 20.88'',W 38° 25' 44.04'',15/12/2017 à 30/05/2024,,,0.0,386.0,,
"{'horEstacao': 123638250, 'horDataHora': '2021-11-08T10:00:00.000+0000'}",50903260,50903260,50903260,,AÇUDE JOANES II MONTANTE MONT.3,-12.6058,-38.4289,,2024-02-09T15:23:11.863+0000,5,"5 - Atlântico, Trecho Leste","50 - RIOS VAZA-BARRIS,ITAPICURU E .",RIO JOANES,BAHIA,SÃO SEBASTIÃO DO PASSÉ,50,50750000,16,16295000,114,114,2017-12-15T10:00:00.000+0000,2024-05-30T20:00:00.000+0000,INEMA-BA,INEMA-BA,Fluviométrica,1,123638250 - AÇUDE JOANES II MONTANTE MONT.3,,False,False,False,S 12° 36' 20.88'',W 38° 25' 44.04'',15/12/2017 à 30/05/2024,,,0.0,374.0,,
"{'horEstacao': 123638250, 'horDataHora': '2021-11-08T20:00:00.000+0000'}",50903260,50903260,50903260,,AÇUDE JOANES II MONTANTE MONT.3,-12.6058,-38.4289,,2024-02-09T15:23:11.863+0000,5,"5 - Atlântico, Trecho Leste","50 - RIOS VAZA-BARRIS,ITAPICURU E .",RIO JOANES,BAHIA,SÃO SEBASTIÃO DO PASSÉ,50,50750000,16,16295000,114,114,2017-12-15T10:00:00.000+0000,2024-05-30T20:00:00.000+0000,INEMA-BA,INEMA-BA,Fluviométrica,1,123638250 - AÇUDE JOANES II MONTANTE MONT.3,,False,False,False,S 12° 36' 20.88'',W 38° 25' 44.04'',15/12/2017 à 30/05/2024,,,0.0,350.0,,
"{'horEstacao': 123638250, 'horDataHora': '2021-11-09T10:00:00.000+0000'}",50903260,50903260,50903260,,AÇUDE JOANES II MONTANTE MONT.3,-12.6058,-38.4289,,2024-02-09T15:23:11.863+0000,5,"5 - Atlântico, Trecho Leste","50 - RIOS VAZA-BARRIS,ITAPICURU E .",RIO JOANES,BAHIA,SÃO SEBASTIÃO DO PASSÉ,50,50750000,16,16295000,114,114,2017-12-15T10:00:00.000+0000,2024-05-30T20:00:00.000+0000,INEMA-BA,INEMA-BA,Fluviométrica,1,123638250 - AÇUDE JOANES II MONTANTE MONT.3,,False,False,False,S 12° 36' 20.88'',W 38° 25' 44.04'',15/12/2017 à 30/05/2024,,,0.0,296.0,,
"{'horEstacao': 123638250, 'horDataHora': '2021-11-09T20:00:00.000+0000'}",50903260,50903260,50903260,,AÇUDE JOANES II MONTANTE MONT.3,-12.6058,-38.4289,,2024-02-09T15:23:11.863+0000,5,"5 - Atlântico, Trecho Leste","50 - RIOS VAZA-BARRIS,ITAPICURU E .",RIO JOANES,BAHIA,SÃO SEBASTIÃO DO PASSÉ,50,50750000,16,16295000,114,114,2017-12-15T10:00:00.000+0000,2024-05-30T20:00:00.000+0000,INEMA-BA,INEMA-BA,Fluviométrica,1,123638250 - AÇUDE JOANES II MONTANTE MONT.3,,False,False,False,S 12° 36' 20.88'',W 38° 25' 44.04'',15/12/2017 à 30/05/2024,,,0.0,278.0,,
"{'horEstacao': 123638250, 'horDataHora': '2021-11-10T10:00:00.000+0000'}",50903260,50903260,50903260,,AÇUDE JOANES II MONTANTE MONT.3,-12.6058,-38.4289,,2024-02-09T15:23:11.863+0000,5,"5 - Atlântico, Trecho Leste","50 - RIOS VAZA-BARRIS,ITAPICURU E .",RIO JOANES,BAHIA,SÃO SEBASTIÃO DO PASSÉ,50,50750000,16,16295000,114,114,2017-12-15T10:00:00.000+0000,2024-05-30T20:00:00.000+0000,INEMA-BA,INEMA-BA,Fluviométrica,1,123638250 - AÇUDE JOANES II MONTANTE MONT.3,,False,False,False,S 12° 36' 20.88'',W 38° 25' 44.04'',15/12/2017 à 30/05/2024,,,0.0,260.0,,
"{'horEstacao': 123638250, 'horDataHora': '2021-11-10T20:00:00.000+0000'}",50903260,50903260,50903260,,AÇUDE JOANES II MONTANTE MONT.3,-12.6058,-38.4289,,2024-02-09T15:23:11.863+0000,5,"5 - Atlântico, Trecho Leste","50 - RIOS VAZA-BARRIS,ITAPICURU E .",RIO JOANES,BAHIA,SÃO SEBASTIÃO DO PASSÉ,50,50750000,16,16295000,114,114,2017-12-15T10:00:00.000+0000,2024-05-30T20:00:00.000+0000,INEMA-BA,INEMA-BA,Fluviométrica,1,123638250 - AÇUDE JOANES II MONTANTE MONT.3,,False,False,False,S 12° 36' 20.88'',W 38° 25' 44.04'',15/12/2017 à 30/05/2024,,,0.0,260.0,,
"{'horEstacao': 123638250, 'horDataHora': '2021-11-11T10:00:00.000+0000'}",50903260,50903260,50903260,,AÇUDE JOANES II MONTANTE MONT.3,-12.6058,-38.4289,,2024-02-09T15:23:11.863+0000,5,"5 - Atlântico, Trecho Leste","50 - RIOS VAZA-BARRIS,ITAPICURU E .",RIO JOANES,BAHIA,SÃO SEBASTIÃO DO PASSÉ,50,50750000,16,16295000,114,114,2017-12-15T10:00:00.000+0000,2024-05-30T20:00:00.000+0000,INEMA-BA,INEMA-BA,Fluviométrica,1,123638250 - AÇUDE JOANES II MONTANTE MONT.3,,False,False,False,S 12° 36' 20.88'',W 38° 25' 44.04'',15/12/2017 à 30/05/2024,,,0.0,256.0,,
"{'horEstacao': 123638250, 'horDataHora': '2021-11-11T20:00:00.000+0000'}",50903260,50903260,50903260,,AÇUDE JOANES II MONTANTE MONT.3,-12.6058,-38.4289,,2024-02-09T15:23:11.863+0000,5,"5 - Atlântico, Trecho Leste","50 - RIOS VAZA-BARRIS,ITAPICURU E .",RIO JOANES,BAHIA,SÃO SEBASTIÃO DO PASSÉ,50,50750000,16,16295000,114,114,2017-12-15T10:00:00.000+0000,2024-05-30T20:00:00.000+0000,INEMA-BA,INEMA-BA,Fluviométrica,1,123638250 - AÇUDE JOANES II MONTANTE MONT.3,,False,False,False,S 12° 36' 20.88'',W 38° 25' 44.04'',15/12/2017 à 30/05/2024,,,0.0,254.0,,
"{'horEstacao': 123638250, 'horDataHora': '2021-11-12T10:00:00.000+0000'}",50903260,50903260,50903260,,AÇUDE JOANES II MONTANTE MONT.3,-12.6058,-38.4289,,2024-02-09T15:23:11.863+0000,5,"5 - Atlântico, Trecho Leste","50 - RIOS VAZA-BARRIS,ITAPICURU E .",RIO JOANES,BAHIA,SÃO SEBASTIÃO DO PASSÉ,50,50750000,16,16295000,114,114,2017-12-15T10:00:00.000+0000,2024-05-30T20:00:00.000+0000,INEMA-BA,INEMA-BA,Fluviométrica,1,123638250 - AÇUDE JOANES II MONTANTE MONT.3,,False,False,False,S 12° 36' 20.88'',W 38° 25' 44.04'',15/12/2017 à 30/05/2024,,,0.0,254.0,,
"{'horEstacao': 123638250, 'horDataHora': '2021-11-12T20:00:00.000+0000'}",50903260,50903260,50903260,,AÇUDE JOANES II MONTANTE MONT.3,-12.6058,-38.4289,,2024-02-09T15:23:11.863+0000,5,"5 - Atlântico, Trecho Leste","50 - RIOS VAZA-BARRIS,ITAPICURU E .",RIO JOANES,BAHIA,SÃO SEBASTIÃO DO PASSÉ,50,50750000,16,16295000,114,114,2017-12-15T10:00:00.000+0000,2024-05-30T20:00:00.000+0000,INEMA-BA,INEMA-BA,Fluviométrica,1,123638250 - AÇUDE JOANES II MONTANTE MONT.3,,False,False,False,S 12° 36' 20.88'',W 38° 25' 44.04'',15/12/2017 à 30/05/2024,,,0.0,254.0,,
"{'horEstacao': 123638250, 'horDataHora': '2021-11-13T10:00:00.000+0000'}",50903260,50903260,50903260,,AÇUDE JOANES II MONTANTE MONT.3,-12.6058,-38.4289,,2024-02-09T15:23:11.863+0000,5,"5 - Atlântico, Trecho Leste","50 - RIOS VAZA-BARRIS,ITAPICURU E .",RIO JOANES,BAHIA,SÃO SEBASTIÃO DO PASSÉ,50,50750000,16,16295000,114,114,2017-12-15T10:00:00.000+0000,2024-05-30T20:00:00.000+0000,INEMA-BA,INEMA-BA,Fluviométrica,1,123638250 - AÇUDE JOANES II MONTANTE MONT.3,,False,False,False,S 12° 36' 20.88'',W 38° 25' 44.04'',15/12/2017 à 30/05/2024,,,0.0,248.0,,
"{'horEstacao': 123638250, 'horDataHora': '2021-11-13T20:00:00.000+0000'}",50903260,50903260,50903260,,AÇUDE JOANES II MONTANTE MONT.3,-12.6058,-38.4289,,2024-02-09T15:23:11.863+0000,5,"5 - Atlântico, Trecho Leste","50 - RIOS VAZA-BARRIS,ITAPICURU E .",RIO JOANES,BAHIA,SÃO SEBASTIÃO DO PASSÉ,50,50750000,16,16295000,114,114,2017-12-15T10:00:00.000+0000,2024-05-30T20:00:00.000+0000,INEMA-BA,INEMA-BA,Fluviométrica,1,123638250 - AÇUDE JOANES II MONTANTE MONT.3,,False,False,False,S 12° 36' 20.88'',W 38° 25' 44.04'',15/12/2017 à 30/05/2024,,,0.0,244.0,,
"{'horEstacao': 123638250, 'horDataHora': '2021-11-14T10:00:00.000+0000'}",50903260,50903260,50903260,,AÇUDE JOANES II MONTANTE MONT.3,-12.6058,-38.4289,,2024-02-09T15:23:11.863+0000,5,"5 - Atlântico, Trecho Leste","50 - RIOS VAZA-BARRIS,ITAPICURU E .",RIO JOANES,BAHIA,SÃO SEBASTIÃO DO PASSÉ,50,50750000,16,16295000,114,114,2017-12-15T10:00:00.000+0000,2024-05-30T20:00:00.000+0000,INEMA-BA,INEMA-BA,Fluviométrica,1,123638250 - AÇUDE JOANES II MONTANTE MONT.3,,False,False,False,S 12° 36' 20.88'',W 38° 25' 44.04'',15/12/2017 à 30/05/2024,,,0.0,244.0,,
"{'horEstacao': 123638250, 'horDataHora': '2021-11-14T20:00:00.000+0000'}",50903260,50903260,50903260,,AÇUDE JOANES II MONTANTE MONT.3,-12.6058,-38.4289,,2024-02-09T15:23:11.863+0000,5,"5 - Atlântico, Trecho Leste","50 - RIOS VAZA-BARRIS,ITAPICURU E .",RIO JOANES,BAHIA,SÃO SEBASTIÃO DO PASSÉ,50,50750000,16,16295000,114,114,2017-12-15T10:00:00.000+0000,2024-05-30T20:00:00.000+0000,INEMA-BA,INEMA-BA,Fluviométrica,1,123638250 - AÇUDE JOANES II MONTANTE MONT.3,,False,False,False,S 12° 36' 20.88'',W 38° 25' 44.04'',15/12/2017 à 30/05/2024,,,0.0,244.0,,
"{'horEstacao': 123638250, 'horDataHora': '2021-11-15T10:00:00.000+0000'}",50903260,50903260,50903260,,AÇUDE JOANES II MONTANTE MONT.3,-12.6058,-38.4289,,2024-02-09T15:23:11.863+0000,5,"5 - Atlântico, Trecho Leste","50 - RIOS VAZA-BARRIS,ITAPICURU E .",RIO JOANES,BAHIA,SÃO SEBASTIÃO DO PASSÉ,50,50750000,16,16295000,114,114,2017-12-15T10:00:00.000+0000,2024-05-30T20:00:00.000+0000,INEMA-BA,INEMA-BA,Fluviométrica,1,123638250 - AÇUDE JOANES II MONTANTE MONT.3,,False,False,False,S 12° 36' 20.88'',W 38° 25' 44.04'',15/12/2017 à 30/05/2024,,,0.0,244.0,,
"{'horEstacao': 123638250, 'horDataHora': '2021-11-15T20:00:00.000+0000'}",50903260,50903260,50903260,,AÇUDE JOANES II MONTANTE MONT.3,-12.6058,-38.4289,,2024-02-09T15:23:11.863+0000,5,"5 - Atlântico, Trecho Leste","50 - RIOS VAZA-BARRIS,ITAPICURU E .",RIO JOANES,BAHIA,SÃO SEBASTIÃO DO PASSÉ,50,50750000,16,16295000,114,114,2017-12-15T10:00:00.000+0000,2024-05-30T20:00:00.000+0000,INEMA-BA,INEMA-BA,Fluviométrica,1,123638250 - AÇUDE JOANES II MONTANTE MONT.3,,False,False,False,S 12° 36' 20.88'',W 38° 25' 44.04'',15/12/2017 à 30/05/2024,,,0.0,246.0,,
"{'horEstacao': 123638250, 'horDataHora': '2021-11-16T10:00:00.000+0000'}",50903260,50903260,50903260,,AÇUDE JOANES II MONTANTE MONT.3,-12.6058,-38.4289,,2024-02-09T15:23:11.863+0000,5,"5 - Atlântico, Trecho Leste","50 - RIOS VAZA-BARRIS,ITAPICURU E .",RIO JOANES,BAHIA,SÃO SEBASTIÃO DO PASSÉ,50,50750000,16,16295000,114,114,2017-12-15T10:00:00.000+0000,2024-05-30T20:00:00.000+0000,INEMA-BA,INEMA-BA,Fluviométrica,1,123638250 - AÇUDE JOANES II MONTANTE MONT.3,,False,False,False,S 12° 36' 20.88'',W 38° 25' 44.04'',15/12/2017 à 30/05/2024,,,0.0,252.0,,
"{'horEstacao': 123638250, 'horDataHora': '2021-11-16T20:00:00.000+0000'}",50903260,50903260,50903260,,AÇUDE JOANES II MONTANTE MONT.3,-12.6058,-38.4289,,2024-02-09T15:23:11.863+0000,5,"5 - Atlântico, Trecho Leste","50 - RIOS VAZA-BARRIS,ITAPICURU E .",RIO JOANES,BAHIA,SÃO SEBASTIÃO DO PASSÉ,50,50750000,16,16295000,114,114,2017-12-15T10:00:00.000+0000,2024-05-30T20:00:00.000+0000,INEMA-BA,INEMA-BA,Fluviométrica,1,123638250 - AÇUDE JOANES II MONTANTE MONT.3,,False,False,False,S 12° 36' 20.88'',W 38° 25' 44.04'',15/12/2017 à 30/05/2024,,,0.0,250.0,,
"{'horEstacao': 123638250, 'horDataHora': '2021-11-17T10:00:00.000+0000'}",50903260,50903260,50903260,,AÇUDE JOANES II MONTANTE MONT.3,-12.6058,-38.4289,,2024-02-09T15:23:11.863+0000,5,"5 - Atlântico, Trecho Leste","50 - RIOS VAZA-BARRIS,ITAPICURU E .",RIO JOANES,BAHIA,SÃO SEBASTIÃO DO PASSÉ,50,50750000,16,16295000,114,114,2017-12-15T10:00:00.000+0000,2024-05-30T20:00:00.000+0000,INEMA-BA,INEMA-BA,Fluviométrica,1,123638250 - AÇUDE JOANES II MONTANTE MONT.3,,False,False,False,S 12° 36' 20.88'',W 38° 25' 44.04'',15/12/2017 à 30/05/2024,,,0.0,250.0,,
"{'horEstacao': 123638250, 'horDataHora': '2021-11-17T20:00:00.000+0000'}",50903260,50903260,50903260,,AÇUDE JOANES II MONTANTE MONT.3,-12.6058,-38.4289,,2024-02-09T15:23:11.863+0000,5,"5 - Atlântico, Trecho Leste","50 - RIOS VAZA-BARRIS,ITAPICURU E .",RIO JOANES,BAHIA,SÃO SEBASTIÃO DO PASSÉ,50,50750000,16,16295000,114,114,2017-12-15T10:00:00.000+0000,2024-05-30T20:00:00.000+0000,INEMA-BA,INEMA-BA,Fluviométrica,1,123638250 - AÇUDE JOANES II MONTANTE MONT.3,,False,False,False,S 12° 36' 20.88'',W 38° 25' 44.04'',15/12/2017 à 30/05/2024,,,0.0,254.0,,
"{'horEstacao': 123638250, 'horDataHora': '2021-11-18T10:00:00.000+0000'}",50903260,50903260,50903260,,AÇUDE JOANES II MONTANTE MONT.3,-12.6058,-38.4289,,2024-02-09T15:23:11.863+0000,5,"5 - Atlântico, Trecho Leste","50 - RIOS VAZA-BARRIS,ITAPICURU E .",RIO JOANES,BAHIA,SÃO SEBASTIÃO DO PASSÉ,50,50750000,16,16295000,114,114,2017-12-15T10:00:00.000+0000,2024-05-30T20:00:00.000+0000,INEMA-BA,INEMA-BA,Fluviométrica,1,123638250 - AÇUDE JOANES II MONTANTE MONT.3,,False,False,False,S 12° 36' 20.88'',W 38° 25' 44.04'',15/12/2017 à 30/05/2024,,,0.0,252.0,,
"{'horEstacao': 123638250, 'horDataHora': '2021-11-18T20:00:00.000+0000'}",50903260,50903260,50903260,,AÇUDE JOANES II MONTANTE MONT.3,-12.6058,-38.4289,,2024-02-09T15:23:11.863+0000,5,"5 - Atlântico, Trecho Leste","50 - RIOS VAZA-BARRIS,ITAPICURU E .",RIO JOANES,BAHIA,SÃO SEBASTIÃO DO PASSÉ,50,50750000,16,16295000,114,114,2017-12-15T10:00:00.000+0000,2024-05-30T20:00:00.000+0000,INEMA-BA,INEMA-BA,Fluviométrica,1,123638250 - AÇUDE JOANES II MONTANTE MONT.3,,False,False,False,S 12° 36' 20.88'',W 38° 25' 44.04'',15/12/2017 à 30/05/2024,,,0.0,252.0,,
"{'horEstacao': 123638250, 'horDataHora': '2021-11-19T10:00:00.000+0000'}",50903260,50903260,50903260,,AÇUDE JOANES II MONTANTE MONT.3,-12.6058,-38.4289,,2024-02-09T15:23:11.863+0000,5,"5 - Atlântico, Trecho Leste","50 - RIOS VAZA-BARRIS,ITAPICURU E .",RIO JOANES,BAHIA,SÃO SEBASTIÃO DO PASSÉ,50,50750000,16,16295000,114,114,2017-12-15T10:00:00.000+0000,2024-05-30T20:00:00.000+0000,INEMA-BA,INEMA-BA,Fluviométrica,1,123638250 - AÇUDE JOANES II MONTANTE MONT.3,,False,False,False,S 12° 36' 20.88'',W 38° 25' 44.04'',15/12/2017 à 30/05/2024,,,0.0,252.0,,
"{'horEstacao': 123638250, 'horDataHora': '2021-11-19T20:00:00.000+0000'}",50903260,50903260,50903260,,AÇUDE JOANES II MONTANTE MONT.3,-12.6058,-38.4289,,2024-02-09T15:23:11.863+0000,5,"5 - Atlântico, Trecho Leste","50 - RIOS VAZA-BARRIS,ITAPICURU E .",RIO JOANES,BAHIA,SÃO SEBASTIÃO DO PASSÉ,50,50750000,16,16295000,114,114,2017-12-15T10:00:00.000+0000,2024-05-30T20:00:00.000+0000,INEMA-BA,INEMA-BA,Fluviométrica,1,123638250 - AÇUDE JOANES II MONTANTE MONT.3,,False,False,False,S 12° 36' 20.88'',W 38° 25' 44.04'',15/12/2017 à 30/05/2024,,,0.0,254.0,,
"{'horEstacao': 123638250, 'horDataHora': '2021-11-20T10:00:00.000+0000'}",50903260,50903260,50903260,,AÇUDE JOANES II MONTANTE MONT.3,-12.6058,-38.4289,,2024-02-09T15:23:11.863+0000,5,"5 - Atlântico, Trecho Leste","50 - RIOS VAZA-BARRIS,ITAPICURU E .",RIO JOANES,BAHIA,SÃO SEBASTIÃO DO PASSÉ,50,50750000,16,16295000,114,114,2017-12-15T10:00:00.000+0000,2024-05-30T20:00:00.000+0000,INEMA-BA,INEMA-BA,Fluviométrica,1,123638250 - AÇUDE JOANES II MONTANTE MONT.3,,False,False,False,S 12° 36' 20.88'',W 38° 25' 44.04'',15/12/2017 à 30/05/2024,,,0.0,254.0,,
"{'horEstacao': 123638250, 'horDataHora': '2021-11-20T20:00:00.000+0000'}",50903260,50903260,50903260,,AÇUDE JOANES II MONTANTE MONT.3,-12.6058,-38.4289,,2024-02-09T15:23:11.863+0000,5,"5 - Atlântico, Trecho Leste","50 - RIOS VAZA-BARRIS,ITAPICURU E .",RIO JOANES,BAHIA,SÃO SEBASTIÃO DO PASSÉ,50,50750000,16,16295000,114,114,2017-12-15T10:00:00.000+0000,2024-05-30T20:00:00.000+0000,INEMA-BA,INEMA-BA,Fluviométrica,1,123638250 - AÇUDE JOANES II MONTANTE MONT.3,,False,False,False,S 12° 36' 20.88'',W 38° 25' 44.04'',15/12/2017 à 30/05/2024,,,0.0,254.0,,
"{'horEstacao': 123638250, 'horDataHora': '2021-11-21T10:00:00.000+0000'}",50903260,50903260,50903260,,AÇUDE JOANES II MONTANTE MONT.3,-12.6058,-38.4289,,2024-02-09T15:23:11.863+0000,5,"5 - Atlântico, Trecho Leste","50 - RIOS VAZA-BARRIS,ITAPICURU E .",RIO JOANES,BAHIA,SÃO SEBASTIÃO DO PASSÉ,50,50750000,16,16295000,114,114,2017-12-15T10:00:00.000+0000,2024-05-30T20:00:00.000+0000,INEMA-BA,INEMA-BA,Fluviométrica,1,123638250 - AÇUDE JOANES II MONTANTE MONT.3,,False,False,False,S 12° 36' 20.88'',W 38° 25' 44.04'',15/12/2017 à 30/05/2024,,,0.0,252.0,,
"{'horEstacao': 123638250, 'horDataHora': '2021-11-21T20:00:00.000+0000'}",50903260,50903260,50903260,,AÇUDE JOANES II MONTANTE MONT.3,-12.6058,-38.4289,,2024-02-09T15:23:11.863+0000,5,"5 - Atlântico, Trecho Leste","50 - RIOS VAZA-BARRIS,ITAPICURU E .",RIO JOANES,BAHIA,SÃO SEBASTIÃO DO PASSÉ,50,50750000,16,16295000,114,114,2017-12-15T10:00:00.000+0000,2024-05-30T20:00:00.000+0000,INEMA-BA,INEMA-BA,Fluviométrica,1,123638250 - AÇUDE JOANES II MONTANTE MONT.3,,False,False,False,S 12° 36' 20.88'',W 38° 25' 44.04'',15/12/2017 à 30/05/2024,,,0.0,252.0,,
"{'horEstacao': 123638250, 'horDataHora': '2021-11-22T10:00:00.000+0000'}",50903260,50903260,50903260,,AÇUDE JOANES II MONTANTE MONT.3,-12.6058,-38.4289,,2024-02-09T15:23:11.863+0000,5,"5 - Atlântico, Trecho Leste","50 - RIOS VAZA-BARRIS,ITAPICURU E .",RIO JOANES,BAHIA,SÃO SEBASTIÃO DO PASSÉ,50,50750000,16,16295000,114,114,2017-12-15T10:00:00.000+0000,2024-05-30T20:00:00.000+0000,INEMA-BA,INEMA-BA,Fluviométrica,1,123638250 - AÇUDE JOANES II MONTANTE MONT.3,,False,False,False,S 12° 36' 20.88'',W 38° 25' 44.04'',15/12/2017 à 30/05/2024,,,0.0,252.0,,
"{'horEstacao': 123638250, 'horDataHora': '2021-11-22T20:00:00.000+0000'}",50903260,50903260,50903260,,AÇUDE JOANES II MONTANTE MONT.3,-12.6058,-38.4289,,2024-02-09T15:23:11.863+0000,5,"5 - Atlântico, Trecho Leste","50 - RIOS VAZA-BARRIS,ITAPICURU E .",RIO JOANES,BAHIA,SÃO SEBASTIÃO DO PASSÉ,50,50750000,16,16295000,114,114,2017-12-15T10:00:00.000+0000,2024-05-30T20:00:00.000+0000,INEMA-BA,INEMA-BA,Fluviométrica,1,123638250 - AÇUDE JOANES II MONTANTE MONT.3,,False,False,False,S 12° 36' 20.88'',W 38° 25' 44.04'',15/12/2017 à 30/05/2024,,,0.0,252.0,,
"{'horEstacao': 123638250, 'horDataHora': '2021-11-23T10:00:00.000+0000'}",50903260,50903260,50903260,,AÇUDE JOANES II MONTANTE MONT.3,-12.6058,-38.4289,,2024-02-09T15:23:11.863+0000,5,"5 - Atlântico, Trecho Leste","50 - RIOS VAZA-BARRIS,ITAPICURU E .",RIO JOANES,BAHIA,SÃO SEBASTIÃO DO PASSÉ,50,50750000,16,16295000,114,114,2017-12-15T10:00:00.000+0000,2024-05-30T20:00:00.000+0000,INEMA-BA,INEMA-BA,Fluviométrica,1,123638250 - AÇUDE JOANES II MONTANTE MONT.3,,False,False,False,S 12° 36' 20.88'',W 38° 25' 44.04'',15/12/2017 à 30/05/2024,,,0.0,248.0,,
"{'horEstacao': 123638250, 'horDataHora': '2021-11-23T20:00:00.000+0000'}",50903260,50903260,50903260,,AÇUDE JOANES II MONTANTE MONT.3,-12.6058,-38.4289,,2024-02-09T15:23:11.863+0000,5,"5 - Atlântico, Trecho Leste","50 - RIOS VAZA-BARRIS,ITAPICURU E .",RIO JOANES,BAHIA,SÃO SEBASTIÃO DO PASSÉ,50,50750000,16,16295000,114,114,2017-12-15T10:00:00.000+0000,2024-05-30T20:00:00.000+0000,INEMA-BA,INEMA-BA,Fluviométrica,1,123638250 - AÇUDE JOANES II MONTANTE MONT.3,,False,False,False,S 12° 36' 20.88'',W 38° 25' 44.04'',15/12/2017 à 30/05/2024,,,0.0,248.0,,
"{'horEstacao': 123638250, 'horDataHora': '2021-11-24T10:00:00.000+0000'}",50903260,50903260,50903260,,AÇUDE JOANES II MONTANTE MONT.3,-12.6058,-38.4289,,2024-02-09T15:23:11.863+0000,5,"5 - Atlântico, Trecho Leste","50 - RIOS VAZA-BARRIS,ITAPICURU E .",RIO JOANES,BAHIA,SÃO SEBASTIÃO DO PASSÉ,50,50750000,16,16295000,114,114,2017-12-15T10:00:00.000+0000,2024-05-30T20:00:00.000+0000,INEMA-BA,INEMA-BA,Fluviométrica,1,123638250 - AÇUDE JOANES II MONTANTE MONT.3,,False,False,False,S 12° 36' 20.88'',W 38° 25' 44.04'',15/12/2017 à 30/05/2024,,,0.0,244.0,,
"{'horEstacao': 123638250, 'horDataHora': '2021-11-24T20:00:00.000+0000'}",50903260,50903260,50903260,,AÇUDE JOANES II MONTANTE MONT.3,-12.6058,-38.4289,,2024-02-09T15:23:11.863+0000,5,"5 - Atlântico, Trecho Leste","50 - RIOS VAZA-BARRIS,ITAPICURU E .",RIO JOANES,BAHIA,SÃO SEBASTIÃO DO PASSÉ,50,50750000,16,16295000,114,114,2017-12-15T10:00:00.000+0000,2024-05-30T20:00:00.000+0000,INEMA-BA,INEMA-BA,Fluviométrica,1,123638250 - AÇUDE JOANES II MONTANTE MONT.3,,False,False,False,S 12° 36' 20.88'',W 38° 25' 44.04'',15/12/2017 à 30/05/2024,,,0.0,244.0,,
"{'horEstacao': 123638250, 'horDataHora': '2021-11-25T10:00:00.000+0000'}",50903260,50903260,50903260,,AÇUDE JOANES II MONTANTE MONT.3,-12.6058,-38.4289,,2024-02-09T15:23:11.863+0000,5,"5 - Atlântico, Trecho Leste","50 - RIOS VAZA-BARRIS,ITAPICURU E .",RIO JOANES,BAHIA,SÃO SEBASTIÃO DO PASSÉ,50,50750000,16,16295000,114,114,2017-12-15T10:00:00.000+0000,2024-05-30T20:00:00.000+0000,INEMA-BA,INEMA-BA,Fluviométrica,1,123638250 - AÇUDE JOANES II MONTANTE MONT.3,,False,False,False,S 12° 36' 20.88'',W 38° 25' 44.04'',15/12/2017 à 30/05/2024,,,0.0,242.0,,
"{'horEstacao': 123638250, 'horDataHora': '2021-11-25T20:00:00.000+0000'}",50903260,50903260,50903260,,AÇUDE JOANES II MONTANTE MONT.3,-12.6058,-38.4289,,2024-02-09T15:23:11.863+0000,5,"5 - Atlântico, Trecho Leste","50 - RIOS VAZA-BARRIS,ITAPICURU E .",RIO JOANES,BAHIA,SÃO SEBASTIÃO DO PASSÉ,50,50750000,16,16295000,114,114,2017-12-15T10:00:00.000+0000,2024-05-30T20:00:00.000+0000,INEMA-BA,INEMA-BA,Fluviométrica,1,123638250 - AÇUDE JOANES II MONTANTE MONT.3,,False,False,False,S 12° 36' 20.88'',W 38° 25' 44.04'',15/12/2017 à 30/05/2024,,,0.0,242.0,,
"{'horEstacao': 123638250, 'horDataHora': '2021-11-26T10:00:00.000+0000'}",50903260,50903260,50903260,,AÇUDE JOANES II MONTANTE MONT.3,-12.6058,-38.4289,,2024-02-09T15:23:11.863+0000,5,"5 - Atlântico, Trecho Leste","50 - RIOS VAZA-BARRIS,ITAPICURU E .",RIO JOANES,BAHIA,SÃO SEBASTIÃO DO PASSÉ,50,50750000,16,16295000,114,114,2017-12-15T10:00:00.000+0000,2024-05-30T20:00:00.000+0000,INEMA-BA,INEMA-BA,Fluviométrica,1,123638250 - AÇUDE JOANES II MONTANTE MONT.3,,False,False,False,S 12° 36' 20.88'',W 38° 25' 44.04'',15/12/2017 à 30/05/2024,,,0.0,242.0,,
"{'horEstacao': 123638250, 'horDataHora': '2021-11-26T20:00:00.000+0000'}",50903260,50903260,50903260,,AÇUDE JOANES II MONTANTE MONT.3,-12.6058,-38.4289,,2024-02-09T15:23:11.863+0000,5,"5 - Atlântico, Trecho Leste","50 - RIOS VAZA-BARRIS,ITAPICURU E .",RIO JOANES,BAHIA,SÃO SEBASTIÃO DO PASSÉ,50,50750000,16,16295000,114,114,2017-12-15T10:00:00.000+0000,2024-05-30T20:00:00.000+0000,INEMA-BA,INEMA-BA,Fluviométrica,1,123638250 - AÇUDE JOANES II MONTANTE MONT.3,,False,False,False,S 12° 36' 20.88'',W 38° 25' 44.04'',15/12/2017 à 30/05/2024,,,0.0,242.0,,
"{'horEstacao': 123638250, 'horDataHora': '2021-11-27T10:00:00.000+0000'}",50903260,50903260,50903260,,AÇUDE JOANES II MONTANTE MONT.3,-12.6058,-38.4289,,2024-02-09T15:23:11.863+0000,5,"5 - Atlântico, Trecho Leste","50 - RIOS VAZA-BARRIS,ITAPICURU E .",RIO JOANES,BAHIA,SÃO SEBASTIÃO DO PASSÉ,50,50750000,16,16295000,114,114,2017-12-15T10:00:00.000+0000,2024-05-30T20:00:00.000+0000,INEMA-BA,INEMA-BA,Fluviométrica,1,123638250 - AÇUDE JOANES II MONTANTE MONT.3,,False,False,False,S 12° 36' 20.88'',W 38° 25' 44.04'',15/12/2017 à 30/05/2024,,,0.0,238.0,,
"{'horEstacao': 123638250, 'horDataHora': '2021-11-27T20:00:00.000+0000'}",50903260,50903260,50903260,,AÇUDE JOANES II MONTANTE MONT.3,-12.6058,-38.4289,,2024-02-09T15:23:11.863+0000,5,"5 - Atlântico, Trecho Leste","50 - RIOS VAZA-BARRIS,ITAPICURU E .",RIO JOANES,BAHIA,SÃO SEBASTIÃO DO PASSÉ,50,50750000,16,16295000,114,114,2017-12-15T10:00:00.000+0000,2024-05-30T20:00:00.000+0000,INEMA-BA,INEMA-BA,Fluviométrica,1,123638250 - AÇUDE JOANES II MONTANTE MONT.3,,False,False,False,S 12° 36' 20.88'',W 38° 25' 44.04'',15/12/2017 à 30/05/2024,,,0.0,238.0,,
"{'horEstacao': 123638250, 'horDataHora': '2021-11-28T10:00:00.000+0000'}",50903260,50903260,50903260,,AÇUDE JOANES II MONTANTE MONT.3,-12.6058,-38.4289,,2024-02-09T15:23:11.863+0000,5,"5 - Atlântico, Trecho Leste","50 - RIOS VAZA-BARRIS,ITAPICURU E .",RIO JOANES,BAHIA,SÃO SEBASTIÃO DO PASSÉ,50,50750000,16,16295000,114,114,2017-12-15T10:00:00.000+0000,2024-05-30T20:00:00.000+0000,INEMA-BA,INEMA-BA,Fluviométrica,1,123638250 - AÇUDE JOANES II MONTANTE MONT.3,,False,False,False,S 12° 36' 20.88'',W 38° 25' 44.04'',15/12/2017 à 30/05/2024,,,0.0,238.0,,
"{'horEstacao': 123638250, 'horDataHora': '2021-11-28T20:00:00.000+0000'}",50903260,50903260,50903260,,AÇUDE JOANES II MONTANTE MONT.3,-12.6058,-38.4289,,2024-02-09T15:23:11.863+0000,5,"5 - Atlântico, Trecho Leste","50 - RIOS VAZA-BARRIS,ITAPICURU E .",RIO JOANES,BAHIA,SÃO SEBASTIÃO DO PASSÉ,50,50750000,16,16295000,114,114,2017-12-15T10:00:00.000+0000,2024-05-30T20:00:00.000+0000,INEMA-BA,INEMA-BA,Fluviométrica,1,123638250 - AÇUDE JOANES II MONTANTE MONT.3,,False,False,False,S 12° 36' 20.88'',W 38° 25' 44.04'',15/12/2017 à 30/05/2024,,,0.0,238.0,,
"{'horEstacao': 123638250, 'horDataHora': '2021-11-29T10:00:00.000+0000'}",50903260,50903260,50903260,,AÇUDE JOANES II MONTANTE MONT.3,-12.6058,-38.4289,,2024-02-09T15:23:11.863+0000,5,"5 - Atlântico, Trecho Leste","50 - RIOS VAZA-BARRIS,ITAPICURU E .",RIO JOANES,BAHIA,SÃO SEBASTIÃO DO PASSÉ,50,50750000,16,16295000,114,114,2017-12-15T10:00:00.000+0000,2024-05-30T20:00:00.000+0000,INEMA-BA,INEMA-BA,Fluviométrica,1,123638250 - AÇUDE JOANES II MONTANTE MONT.3,,False,False,False,S 12° 36' 20.88'',W 38° 25' 44.04'',15/12/2017 à 30/05/2024,,,0.0,238.0,,
"{'horEstacao': 123638250, 'horDataHora': '2021-11-29T20:00:00.000+0000'}",50903260,50903260,50903260,,AÇUDE JOANES II MONTANTE MONT.3,-12.6058,-38.4289,,2024-02-09T15:23:11.863+0000,5,"5 - Atlântico, Trecho Leste","50 - RIOS VAZA-BARRIS,ITAPICURU E .",RIO JOANES,BAHIA,SÃO SEBASTIÃO DO PASSÉ,50,50750000,16,16295000,114,114,2017-12-15T10:00:00.000+0000,2024-05-30T20:00:00.000+0000,INEMA-BA,INEMA-BA,Fluviométrica,1,123638250 - AÇUDE JOANES II MONTANTE MONT.3,,False,False,False,S 12° 36' 20.88'',W 38° 25' 44.04'',15/12/2017 à 30/05/2024,,,0.0,238.0,,
"{'horEstacao': 123638250, 'horDataHora': '2021-11-30T10:00:00.000+0000'}",50903260,50903260,50903260,,AÇUDE JOANES II MONTANTE MONT.3,-12.6058,-38.4289,,2024-02-09T15:23:11.863+0000,5,"5 - Atlântico, Trecho Leste","50 - RIOS VAZA-BARRIS,ITAPICURU E .",RIO JOANES,BAHIA,SÃO SEBASTIÃO DO PASSÉ,50,50750000,16,16295000,114,114,2017-12-15T10:00:00.000+0000,2024-05-30T20:00:00.000+0000,INEMA-BA,INEMA-BA,Fluviométrica,1,123638250 - AÇUDE JOANES II MONTANTE MONT.3,,False,False,False,S 12° 36' 20.88'',W 38° 25' 44.04'',15/12/2017 à 30/05/2024,,,0.0,238.0,,
"{'horEstacao': 123638250, 'horDataHora': '2021-11-30T20:00:00.000+0000'}",50903260,50903260,50903260,,AÇUDE JOANES II MONTANTE MONT.3,-12.6058,-38.4289,,2024-02-09T15:23:11.863+0000,5,"5 - Atlântico, Trecho Leste","50 - RIOS VAZA-BARRIS,ITAPICURU E .",RIO JOANES,BAHIA,SÃO SEBASTIÃO DO PASSÉ,50,50750000,16,16295000,114,114,2017-12-15T10:00:00.000+0000,2024-05-30T20:00:00.000+0000,INEMA-BA,INEMA-BA,Fluviométrica,1,123638250 - AÇUDE JOANES II MONTANTE MONT.3,,False,False,False,S 12° 36' 20.88'',W 38° 25' 44.04'',15/12/2017 à 30/05/2024,,,0.0,238.0,,
"{'horEstacao': 123638250, 'horDataHora': '2021-12-01T10:00:00.000+0000'}",50903260,50903260,50903260,,AÇUDE JOANES II MONTANTE MONT.3,-12.6058,-38.4289,,2024-02-09T15:23:11.863+0000,5,"5 - Atlântico, Trecho Leste","50 - RIOS VAZA-BARRIS,ITAPICURU E .",RIO JOANES,BAHIA,SÃO SEBASTIÃO DO PASSÉ,50,50750000,16,16295000,114,114,2017-12-15T10:00:00.000+0000,2024-05-30T20:00:00.000+0000,INEMA-BA,INEMA-BA,Fluviométrica,1,123638250 - AÇUDE JOANES II MONTANTE MONT.3,,False,False,False,S 12° 36' 20.88'',W 38° 25' 44.04'',15/12/2017 à 30/05/2024,,,0.0,238.0,,
"{'horEstacao': 123638250, 'horDataHora': '2021-12-01T20:00:00.000+0000'}",50903260,50903260,50903260,,AÇUDE JOANES II MONTANTE MONT.3,-12.6058,-38.4289,,2024-02-09T15:23:11.863+0000,5,"5 - Atlântico, Trecho Leste","50 - RIOS VAZA-BARRIS,ITAPICURU E .",RIO JOANES,BAHIA,SÃO SEBASTIÃO DO PASSÉ,50,50750000,16,16295000,114,114,2017-12-15T10:00:00.000+0000,2024-05-30T20:00:00.000+0000,INEMA-BA,INEMA-BA,Fluviométrica,1,123638250 - AÇUDE JOANES II MONTANTE MONT.3,,False,False,False,S 12° 36' 20.88'',W 38° 25' 44.04'',15/12/2017 à 30/05/2024,,,0.0,238.0,,
"{'horEstacao': 123638250, 'horDataHora': '2021-12-02T10:00:00.000+0000'}",50903260,50903260,50903260,,AÇUDE JOANES II MONTANTE MONT.3,-12.6058,-38.4289,,2024-02-09T15:23:11.863+0000,5,"5 - Atlântico, Trecho Leste","50 - RIOS VAZA-BARRIS,ITAPICURU E .",RIO JOANES,BAHIA,SÃO SEBASTIÃO DO PASSÉ,50,50750000,16,16295000,114,114,2017-12-15T10:00:00.000+0000,2024-05-30T20:00:00.000+0000,INEMA-BA,INEMA-BA,Fluviométrica,1,123638250 - AÇUDE JOANES II MONTANTE MONT.3,,False,False,False,S 12° 36' 20.88'',W 38° 25' 44.04'',15/12/2017 à 30/05/2024,,,0.0,238.0,,
"{'horEstacao': 123638250, 'horDataHora': '2021-12-02T20:00:00.000+0000'}",50903260,50903260,50903260,,AÇUDE JOANES II MONTANTE MONT.3,-12.6058,-38.4289,,2024-02-09T15:23:11.863+0000,5,"5 - Atlântico, Trecho Leste","50 - RIOS VAZA-BARRIS,ITAPICURU E .",RIO JOANES,BAHIA,SÃO SEBASTIÃO DO PASSÉ,50,50750000,16,16295000,114,114,2017-12-15T10:00:00.000+0000,2024-05-30T20:00:00.000+0000,INEMA-BA,INEMA-BA,Fluviométrica,1,123638250 - AÇUDE JOANES II MONTANTE MONT.3,,False,False,False,S 12° 36' 20.88'',W 38° 25' 44.04'',15/12/2017 à 30/05/2024,,,0.0,238.0,,
"{'horEstacao': 123638250, 'horDataHora': '2021-12-03T10:00:00.000+0000'}",50903260,50903260,50903260,,AÇUDE JOANES II MONTANTE MONT.3,-12.6058,-38.4289,,2024-02-09T15:23:11.863+0000,5,"5 - Atlântico, Trecho Leste","50 - RIOS VAZA-BARRIS,ITAPICURU E .",RIO JOANES,BAHIA,SÃO SEBASTIÃO DO PASSÉ,50,50750000,16,16295000,114,114,2017-12-15T10:00:00.000+0000,2024-05-30T20:00:00.000+0000,INEMA-BA,INEMA-BA,Fluviométrica,1,123638250 - AÇUDE JOANES II MONTANTE MONT.3,,False,False,False,S 12° 36' 20.88'',W 38° 25' 44.04'',15/12/2017 à 30/05/2024,,,0.0,238.0,,
"{'horEstacao': 123638250, 'horDataHora': '2021-12-03T20:00:00.000+0000'}",50903260,50903260,50903260,,AÇUDE JOANES II MONTANTE MONT.3,-12.6058,-38.4289,,2024-02-09T15:23:11.863+0000,5,"5 - Atlântico, Trecho Leste","50 - RIOS VAZA-BARRIS,ITAPICURU E .",RIO JOANES,BAHIA,SÃO SEBASTIÃO DO PASSÉ,50,50750000,16,16295000,114,114,2017-12-15T10:00:00.000+0000,2024-05-30T20:00:00.000+0000,INEMA-BA,INEMA-BA,Fluviométrica,1,123638250 - AÇUDE JOANES II MONTANTE MONT.3,,False,False,False,S 12° 36' 20.88'',W 38° 25' 44.04'',15/12/2017 à 30/05/2024,,,0.0,238.0,,
"{'horEstacao': 123638250, 'horDataHora': '2021-12-04T10:00:00.000+0000'}",50903260,50903260,50903260,,AÇUDE JOANES II MONTANTE MONT.3,-12.6058,-38.4289,,2024-02-09T15:23:11.863+0000,5,"5 - Atlântico, Trecho Leste","50 - RIOS VAZA-BARRIS,ITAPICURU E .",RIO JOANES,BAHIA,SÃO SEBASTIÃO DO PASSÉ,50,50750000,16,16295000,114,114,2017-12-15T10:00:00.000+0000,2024-05-30T20:00:00.000+0000,INEMA-BA,INEMA-BA,Fluviométrica,1,123638250 - AÇUDE JOANES II MONTANTE MONT.3,,False,False,False,S 12° 36' 20.88'',W 38° 25' 44.04'',15/12/2017 à 30/05/2024,,,0.0,238.0,,
"{'horEstacao': 123638250, 'horDataHora': '2021-12-04T20:00:00.000+0000'}",50903260,50903260,50903260,,AÇUDE JOANES II MONTANTE MONT.3,-12.6058,-38.4289,,2024-02-09T15:23:11.863+0000,5,"5 - Atlântico, Trecho Leste","50 - RIOS VAZA-BARRIS,ITAPICURU E .",RIO JOANES,BAHIA,SÃO SEBASTIÃO DO PASSÉ,50,50750000,16,16295000,114,114,2017-12-15T10:00:00.000+0000,2024-05-30T20:00:00.000+0000,INEMA-BA,INEMA-BA,Fluviométrica,1,123638250 - AÇUDE JOANES II MONTANTE MONT.3,,False,False,False,S 12° 36' 20.88'',W 38° 25' 44.04'',15/12/2017 à 30/05/2024,,,0.0,238.0,,
"{'horEstacao': 123638250, 'horDataHora': '2021-12-05T10:00:00.000+0000'}",50903260,50903260,50903260,,AÇUDE JOANES II MONTANTE MONT.3,-12.6058,-38.4289,,2024-02-09T15:23:11.863+0000,5,"5 - Atlântico, Trecho Leste","50 - RIOS VAZA-BARRIS,ITAPICURU E .",RIO JOANES,BAHIA,SÃO SEBASTIÃO DO PASSÉ,50,50750000,16,16295000,114,114,2017-12-15T10:00:00.000+0000,2024-05-30T20:00:00.000+0000,INEMA-BA,INEMA-BA,Fluviométrica,1,123638250 - AÇUDE JOANES II MONTANTE MONT.3,,False,False,False,S 12° 36' 20.88'',W 38° 25' 44.04'',15/12/2017 à 30/05/2024,,,0.0,240.0,,
"{'horEstacao': 123638250, 'horDataHora': '2021-12-05T20:00:00.000+0000'}",50903260,50903260,50903260,,AÇUDE JOANES II MONTANTE MONT.3,-12.6058,-38.4289,,2024-02-09T15:23:11.863+0000,5,"5 - Atlântico, Trecho Leste","50 - RIOS VAZA-BARRIS,ITAPICURU E .",RIO JOANES,BAHIA,SÃO SEBASTIÃO DO PASSÉ,50,50750000,16,16295000,114,114,2017-12-15T10:00:00.000+0000,2024-05-30T20:00:00.000+0000,INEMA-BA,INEMA-BA,Fluviométrica,1,123638250 - AÇUDE JOANES II MONTANTE MONT.3,,False,False,False,S 12° 36' 20.88'',W 38° 25' 44.04'',15/12/2017 à 30/05/2024,,,0.0,248.0,,
"{'horEstacao': 123638250, 'horDataHora': '2021-12-06T10:00:00.000+0000'}",50903260,50903260,50903260,,AÇUDE JOANES II MONTANTE MONT.3,-12.6058,-38.4289,,2024-02-09T15:23:11.863+0000,5,"5 - Atlântico, Trecho Leste","50 - RIOS VAZA-BARRIS,ITAPICURU E .",RIO JOANES,BAHIA,SÃO SEBASTIÃO DO PASSÉ,50,50750000,16,16295000,114,114,2017-12-15T10:00:00.000+0000,2024-05-30T20:00:00.000+0000,INEMA-BA,INEMA-BA,Fluviométrica,1,123638250 - AÇUDE JOANES II MONTANTE MONT.3,,False,False,False,S 12° 36' 20.88'',W 38° 25' 44.04'',15/12/2017 à 30/05/2024,,,0.0,244.0,,
"{'horEstacao': 123638250, 'horDataHora': '2021-12-06T20:00:00.000+0000'}",50903260,50903260,50903260,,AÇUDE JOANES II MONTANTE MONT.3,-12.6058,-38.4289,,2024-02-09T15:23:11.863+0000,5,"5 - Atlântico, Trecho Leste","50 - RIOS VAZA-BARRIS,ITAPICURU E .",RIO JOANES,BAHIA,SÃO SEBASTIÃO DO PASSÉ,50,50750000,16,16295000,114,114,2017-12-15T10:00:00.000+0000,2024-05-30T20:00:00.000+0000,INEMA-BA,INEMA-BA,Fluviométrica,1,123638250 - AÇUDE JOANES II MONTANTE MONT.3,,False,False,False,S 12° 36' 20.88'',W 38° 25' 44.04'',15/12/2017 à 30/05/2024,,,0.0,244.0,,
"{'horEstacao': 123638250, 'horDataHora': '2021-12-07T10:00:00.000+0000'}",50903260,50903260,50903260,,AÇUDE JOANES II MONTANTE MONT.3,-12.6058,-38.4289,,2024-02-09T15:23:11.863+0000,5,"5 - Atlântico, Trecho Leste","50 - RIOS VAZA-BARRIS,ITAPICURU E .",RIO JOANES,BAHIA,SÃO SEBASTIÃO DO PASSÉ,50,50750000,16,16295000,114,114,2017-12-15T10:00:00.000+0000,2024-05-30T20:00:00.000+0000,INEMA-BA,INEMA-BA,Fluviométrica,1,123638250 - AÇUDE JOANES II MONTANTE MONT.3,,False,False,False,S 12° 36' 20.88'',W 38° 25' 44.04'',15/12/2017 à 30/05/2024,,,0.0,240.0,,
"{'horEstacao': 123638250, 'horDataHora': '2021-12-07T20:00:00.000+0000'}",50903260,50903260,50903260,,AÇUDE JOANES II MONTANTE MONT.3,-12.6058,-38.4289,,2024-02-09T15:23:11.863+0000,5,"5 - Atlântico, Trecho Leste","50 - RIOS VAZA-BARRIS,ITAPICURU E .",RIO JOANES,BAHIA,SÃO SEBASTIÃO DO PASSÉ,50,50750000,16,16295000,114,114,2017-12-15T10:00:00.000+0000,2024-05-30T20:00:00.000+0000,INEMA-BA,INEMA-BA,Fluviométrica,1,123638250 - AÇUDE JOANES II MONTANTE MONT.3,,False,False,False,S 12° 36' 20.88'',W 38° 25' 44.04'',15/12/2017 à 30/05/2024,,,0.0,240.0,,
"{'horEstacao': 123638250, 'horDataHora': '2021-12-08T10:00:00.000+0000'}",50903260,50903260,50903260,,AÇUDE JOANES II MONTANTE MONT.3,-12.6058,-38.4289,,2024-02-09T15:23:11.863+0000,5,"5 - Atlântico, Trecho Leste","50 - RIOS VAZA-BARRIS,ITAPICURU E .",RIO JOANES,BAHIA,SÃO SEBASTIÃO DO PASSÉ,50,50750000,16,16295000,114,114,2017-12-15T10:00:00.000+0000,2024-05-30T20:00:00.000+0000,INEMA-BA,INEMA-BA,Fluviométrica,1,123638250 - AÇUDE JOANES II MONTANTE MONT.3,,False,False,False,S 12° 36' 20.88'',W 38° 25' 44.04'',15/12/2017 à 30/05/2024,,,0.0,240.0,,
"{'horEstacao': 123638250, 'horDataHora': '2021-12-08T20:00:00.000+0000'}",50903260,50903260,50903260,,AÇUDE JOANES II MONTANTE MONT.3,-12.6058,-38.4289,,2024-02-09T15:23:11.863+0000,5,"5 - Atlântico, Trecho Leste","50 - RIOS VAZA-BARRIS,ITAPICURU E .",RIO JOANES,BAHIA,SÃO SEBASTIÃO DO PASSÉ,50,50750000,16,16295000,114,114,2017-12-15T10:00:00.000+0000,2024-05-30T20:00:00.000+0000,INEMA-BA,INEMA-BA,Fluviométrica,1,123638250 - AÇUDE JOANES II MONTANTE MONT.3,,False,False,False,S 12° 36' 20.88'',W 38° 25' 44.04'',15/12/2017 à 30/05/2024,,,0.0,240.0,,
"{'horEstacao': 123638250, 'horDataHora': '2021-12-09T10:00:00.000+0000'}",50903260,50903260,50903260,,AÇUDE JOANES II MONTANTE MONT.3,-12.6058,-38.4289,,2024-02-09T15:23:11.863+0000,5,"5 - Atlântico, Trecho Leste","50 - RIOS VAZA-BARRIS,ITAPICURU E .",RIO JOANES,BAHIA,SÃO SEBASTIÃO DO PASSÉ,50,50750000,16,16295000,114,114,2017-12-15T10:00:00.000+0000,2024-05-30T20:00:00.000+0000,INEMA-BA,INEMA-BA,Fluviométrica,1,123638250 - AÇUDE JOANES II MONTANTE MONT.3,,False,False,False,S 12° 36' 20.88'',W 38° 25' 44.04'',15/12/2017 à 30/05/2024,,,0.0,240.0,,
"{'horEstacao': 123638250, 'horDataHora': '2021-12-09T20:00:00.000+0000'}",50903260,50903260,50903260,,AÇUDE JOANES II MONTANTE MONT.3,-12.6058,-38.4289,,2024-02-09T15:23:11.863+0000,5,"5 - Atlântico, Trecho Leste","50 - RIOS VAZA-BARRIS,ITAPICURU E .",RIO JOANES,BAHIA,SÃO SEBASTIÃO DO PASSÉ,50,50750000,16,16295000,114,114,2017-12-15T10:00:00.000+0000,2024-05-30T20:00:00.000+0000,INEMA-BA,INEMA-BA,Fluviométrica,1,123638250 - AÇUDE JOANES II MONTANTE MONT.3,,False,False,False,S 12° 36' 20.88'',W 38° 25' 44.04'',15/12/2017 à 30/05/2024,,,0.0,240.0,,
"{'horEstacao': 123638250, 'horDataHora': '2021-12-10T10:00:00.000+0000'}",50903260,50903260,50903260,,AÇUDE JOANES II MONTANTE MONT.3,-12.6058,-38.4289,,2024-02-09T15:23:11.863+0000,5,"5 - Atlântico, Trecho Leste","50 - RIOS VAZA-BARRIS,ITAPICURU E .",RIO JOANES,BAHIA,SÃO SEBASTIÃO DO PASSÉ,50,50750000,16,16295000,114,114,2017-12-15T10:00:00.000+0000,2024-05-30T20:00:00.000+0000,INEMA-BA,INEMA-BA,Fluviométrica,1,123638250 - AÇUDE JOANES II MONTANTE MONT.3,,False,False,False,S 12° 36' 20.88'',W 38° 25' 44.04'',15/12/2017 à 30/05/2024,,,0.0,238.0,,
"{'horEstacao': 123638250, 'horDataHora': '2021-12-10T20:00:00.000+0000'}",50903260,50903260,50903260,,AÇUDE JOANES II MONTANTE MONT.3,-12.6058,-38.4289,,2024-02-09T15:23:11.863+0000,5,"5 - Atlântico, Trecho Leste","50 - RIOS VAZA-BARRIS,ITAPICURU E .",RIO JOANES,BAHIA,SÃO SEBASTIÃO DO PASSÉ,50,50750000,16,16295000,114,114,2017-12-15T10:00:00.000+0000,2024-05-30T20:00:00.000+0000,INEMA-BA,INEMA-BA,Fluviométrica,1,123638250 - AÇUDE JOANES II MONTANTE MONT.3,,False,False,False,S 12° 36' 20.88'',W 38° 25' 44.04'',15/12/2017 à 30/05/2024,,,0.0,238.0,,
"{'horEstacao': 123638250, 'horDataHora': '2021-12-11T10:00:00.000+0000'}",50903260,50903260,50903260,,AÇUDE JOANES II MONTANTE MONT.3,-12.6058,-38.4289,,2024-02-09T15:23:11.863+0000,5,"5 - Atlântico, Trecho Leste","50 - RIOS VAZA-BARRIS,ITAPICURU E .",RIO JOANES,BAHIA,SÃO SEBASTIÃO DO PASSÉ,50,50750000,16,16295000,114,114,2017-12-15T10:00:00.000+0000,2024-05-30T20:00:00.000+0000,INEMA-BA,INEMA-BA,Fluviométrica,1,123638250 - AÇUDE JOANES II MONTANTE MONT.3,,False,False,False,S 12° 36' 20.88'',W 38° 25' 44.04'',15/12/2017 à 30/05/2024,,,0.0,240.0,,
"{'horEstacao': 123638250, 'horDataHora': '2021-12-11T20:00:00.000+0000'}",50903260,50903260,50903260,,AÇUDE JOANES II MONTANTE MONT.3,-12.6058,-38.4289,,2024-02-09T15:23:11.863+0000,5,"5 - Atlântico, Trecho Leste","50 - RIOS VAZA-BARRIS,ITAPICURU E .",RIO JOANES,BAHIA,SÃO SEBASTIÃO DO PASSÉ,50,50750000,16,16295000,114,114,2017-12-15T10:00:00.000+0000,2024-05-30T20:00:00.000+0000,INEMA-BA,INEMA-BA,Fluviométrica,1,123638250 - AÇUDE JOANES II MONTANTE MONT.3,,False,False,False,S 12° 36' 20.88'',W 38° 25' 44.04'',15/12/2017 à 30/05/2024,,,0.0,240.0,,
"{'horEstacao': 123638250, 'horDataHora': '2021-12-12T10:00:00.000+0000'}",50903260,50903260,50903260,,AÇUDE JOANES II MONTANTE MONT.3,-12.6058,-38.4289,,2024-02-09T15:23:11.863+0000,5,"5 - Atlântico, Trecho Leste","50 - RIOS VAZA-BARRIS,ITAPICURU E .",RIO JOANES,BAHIA,SÃO SEBASTIÃO DO PASSÉ,50,50750000,16,16295000,114,114,2017-12-15T10:00:00.000+0000,2024-05-30T20:00:00.000+0000,INEMA-BA,INEMA-BA,Fluviométrica,1,123638250 - AÇUDE JOANES II MONTANTE MONT.3,,False,False,False,S 12° 36' 20.88'',W 38° 25' 44.04'',15/12/2017 à 30/05/2024,,,0.0,238.0,,
"{'horEstacao': 123638250, 'horDataHora': '2021-12-12T20:00:00.000+0000'}",50903260,50903260,50903260,,AÇUDE JOANES II MONTANTE MONT.3,-12.6058,-38.4289,,2024-02-09T15:23:11.863+0000,5,"5 - Atlântico, Trecho Leste","50 - RIOS VAZA-BARRIS,ITAPICURU E .",RIO JOANES,BAHIA,SÃO SEBASTIÃO DO PASSÉ,50,50750000,16,16295000,114,114,2017-12-15T10:00:00.000+0000,2024-05-30T20:00:00.000+0000,INEMA-BA,INEMA-BA,Fluviométrica,1,123638250 - AÇUDE JOANES II MONTANTE MONT.3,,False,False,False,S 12° 36' 20.88'',W 38° 25' 44.04'',15/12/2017 à 30/05/2024,,,0.0,238.0,,
"{'horEstacao': 123638250, 'horDataHora': '2021-12-13T10:00:00.000+0000'}",50903260,50903260,50903260,,AÇUDE JOANES II MONTANTE MONT.3,-12.6058,-38.4289,,2024-02-09T15:23:11.863+0000,5,"5 - Atlântico, Trecho Leste","50 - RIOS VAZA-BARRIS,ITAPICURU E .",RIO JOANES,BAHIA,SÃO SEBASTIÃO DO PASSÉ,50,50750000,16,16295000,114,114,2017-12-15T10:00:00.000+0000,2024-05-30T20:00:00.000+0000,INEMA-BA,INEMA-BA,Fluviométrica,1,123638250 - AÇUDE JOANES II MONTANTE MONT.3,,False,False,False,S 12° 36' 20.88'',W 38° 25' 44.04'',15/12/2017 à 30/05/2024,,,0.0,236.0,,
"{'horEstacao': 123638250, 'horDataHora': '2021-12-13T20:00:00.000+0000'}",50903260,50903260,50903260,,AÇUDE JOANES II MONTANTE MONT.3,-12.6058,-38.4289,,2024-02-09T15:23:11.863+0000,5,"5 - Atlântico, Trecho Leste","50 - RIOS VAZA-BARRIS,ITAPICURU E .",RIO JOANES,BAHIA,SÃO SEBASTIÃO DO PASSÉ,50,50750000,16,16295000,114,114,2017-12-15T10:00:00.000+0000,2024-05-30T20:00:00.000+0000,INEMA-BA,INEMA-BA,Fluviométrica,1,123638250 - AÇUDE JOANES II MONTANTE MONT.3,,False,False,False,S 12° 36' 20.88'',W 38° 25' 44.04'',15/12/2017 à 30/05/2024,,,0.0,236.0,,
"{'horEstacao': 123638250, 'horDataHora': '2021-12-14T10:00:00.000+0000'}",50903260,50903260,50903260,,AÇUDE JOANES II MONTANTE MONT.3,-12.6058,-38.4289,,2024-02-09T15:23:11.863+0000,5,"5 - Atlântico, Trecho Leste","50 - RIOS VAZA-BARRIS,ITAPICURU E .",RIO JOANES,BAHIA,SÃO SEBASTIÃO DO PASSÉ,50,50750000,16,16295000,114,114,2017-12-15T10:00:00.000+0000,2024-05-30T20:00:00.000+0000,INEMA-BA,INEMA-BA,Fluviométrica,1,123638250 - AÇUDE JOANES II MONTANTE MONT.3,,False,False,False,S 12° 36' 20.88'',W 38° 25' 44.04'',15/12/2017 à 30/05/2024,,,0.0,236.0,,
"{'horEstacao': 123638250, 'horDataHora': '2021-12-14T20:00:00.000+0000'}",50903260,50903260,50903260,,AÇUDE JOANES II MONTANTE MONT.3,-12.6058,-38.4289,,2024-02-09T15:23:11.863+0000,5,"5 - Atlântico, Trecho Leste","50 - RIOS VAZA-BARRIS,ITAPICURU E .",RIO JOANES,BAHIA,SÃO SEBASTIÃO DO PASSÉ,50,50750000,16,16295000,114,114,2017-12-15T10:00:00.000+0000,2024-05-30T20:00:00.000+0000,INEMA-BA,INEMA-BA,Fluviométrica,1,123638250 - AÇUDE JOANES II MONTANTE MONT.3,,False,False,False,S 12° 36' 20.88'',W 38° 25' 44.04'',15/12/2017 à 30/05/2024,,,0.0,236.0,,
"{'horEstacao': 123638250, 'horDataHora': '2021-12-15T10:00:00.000+0000'}",50903260,50903260,50903260,,AÇUDE JOANES II MONTANTE MONT.3,-12.6058,-38.4289,,2024-02-09T15:23:11.863+0000,5,"5 - Atlântico, Trecho Leste","50 - RIOS VAZA-BARRIS,ITAPICURU E .",RIO JOANES,BAHIA,SÃO SEBASTIÃO DO PASSÉ,50,50750000,16,16295000,114,114,2017-12-15T10:00:00.000+0000,2024-05-30T20:00:00.000+0000,INEMA-BA,INEMA-BA,Fluviométrica,1,123638250 - AÇUDE JOANES II MONTANTE MONT.3,,False,False,False,S 12° 36' 20.88'',W 38° 25' 44.04'',15/12/2017 à 30/05/2024,,,0.0,234.0,,
"{'horEstacao': 123638250, 'horDataHora': '2021-12-15T20:00:00.000+0000'}",50903260,50903260,50903260,,AÇUDE JOANES II MONTANTE MONT.3,-12.6058,-38.4289,,2024-02-09T15:23:11.863+0000,5,"5 - Atlântico, Trecho Leste","50 - RIOS VAZA-BARRIS,ITAPICURU E .",RIO JOANES,BAHIA,SÃO SEBASTIÃO DO PASSÉ,50,50750000,16,16295000,114,114,2017-12-15T10:00:00.000+0000,2024-05-30T20:00:00.000+0000,INEMA-BA,INEMA-BA,Fluviométrica,1,123638250 - AÇUDE JOANES II MONTANTE MONT.3,,False,False,False,S 12° 36' 20.88'',W 38° 25' 44.04'',15/12/2017 à 30/05/2024,,,0.0,234.0,,
"{'horEstacao': 123638250, 'horDataHora': '2021-12-16T10:00:00.000+0000'}",50903260,50903260,50903260,,AÇUDE JOANES II MONTANTE MONT.3,-12.6058,-38.4289,,2024-02-09T15:23:11.863+0000,5,"5 - Atlântico, Trecho Leste","50 - RIOS VAZA-BARRIS,ITAPICURU E .",RIO JOANES,BAHIA,SÃO SEBASTIÃO DO PASSÉ,50,50750000,16,16295000,114,114,2017-12-15T10:00:00.000+0000,2024-05-30T20:00:00.000+0000,INEMA-BA,INEMA-BA,Fluviométrica,1,123638250 - AÇUDE JOANES II MONTANTE MONT.3,,False,False,False,S 12° 36' 20.88'',W 38° 25' 44.04'',15/12/2017 à 30/05/2024,,,0.0,234.0,,
"{'horEstacao': 123638250, 'horDataHora': '2021-12-16T20:00:00.000+0000'}",50903260,50903260,50903260,,AÇUDE JOANES II MONTANTE MONT.3,-12.6058,-38.4289,,2024-02-09T15:23:11.863+0000,5,"5 - Atlântico, Trecho Leste","50 - RIOS VAZA-BARRIS,ITAPICURU E .",RIO JOANES,BAHIA,SÃO SEBASTIÃO DO PASSÉ,50,50750000,16,16295000,114,114,2017-12-15T10:00:00.000+0000,2024-05-30T20:00:00.000+0000,INEMA-BA,INEMA-BA,Fluviométrica,1,123638250 - AÇUDE JOANES II MONTANTE MONT.3,,False,False,False,S 12° 36' 20.88'',W 38° 25' 44.04'',15/12/2017 à 30/05/2024,,,0.0,234.0,,
"{'horEstacao': 123638250, 'horDataHora': '2021-12-17T10:00:00.000+0000'}",50903260,50903260,50903260,,AÇUDE JOANES II MONTANTE MONT.3,-12.6058,-38.4289,,2024-02-09T15:23:11.863+0000,5,"5 - Atlântico, Trecho Leste","50 - RIOS VAZA-BARRIS,ITAPICURU E .",RIO JOANES,BAHIA,SÃO SEBASTIÃO DO PASSÉ,50,50750000,16,16295000,114,114,2017-12-15T10:00:00.000+0000,2024-05-30T20:00:00.000+0000,INEMA-BA,INEMA-BA,Fluviométrica,1,123638250 - AÇUDE JOANES II MONTANTE MONT.3,,False,False,False,S 12° 36' 20.88'',W 38° 25' 44.04'',15/12/2017 à 30/05/2024,,,0.0,234.0,,
"{'horEstacao': 123638250, 'horDataHora': '2021-12-17T20:00:00.000+0000'}",50903260,50903260,50903260,,AÇUDE JOANES II MONTANTE MONT.3,-12.6058,-38.4289,,2024-02-09T15:23:11.863+0000,5,"5 - Atlântico, Trecho Leste","50 - RIOS VAZA-BARRIS,ITAPICURU E .",RIO JOANES,BAHIA,SÃO SEBASTIÃO DO PASSÉ,50,50750000,16,16295000,114,114,2017-12-15T10:00:00.000+0000,2024-05-30T20:00:00.000+0000,INEMA-BA,INEMA-BA,Fluviométrica,1,123638250 - AÇUDE JOANES II MONTANTE MONT.3,,False,False,False,S 12° 36' 20.88'',W 38° 25' 44.04'',15/12/2017 à 30/05/2024,,,0.0,234.0,,
"{'horEstacao': 123638250, 'horDataHora': '2021-12-18T10:00:00.000+0000'}",50903260,50903260,50903260,,AÇUDE JOANES II MONTANTE MONT.3,-12.6058,-38.4289,,2024-02-09T15:23:11.863+0000,5,"5 - Atlântico, Trecho Leste","50 - RIOS VAZA-BARRIS,ITAPICURU E .",RIO JOANES,BAHIA,SÃO SEBASTIÃO DO PASSÉ,50,50750000,16,16295000,114,114,2017-12-15T10:00:00.000+0000,2024-05-30T20:00:00.000+0000,INEMA-BA,INEMA-BA,Fluviométrica,1,123638250 - AÇUDE JOANES II MONTANTE MONT.3,,False,False,False,S 12° 36' 20.88'',W 38° 25' 44.04'',15/12/2017 à 30/05/2024,,,0.0,234.0,,
"{'horEstacao': 123638250, 'horDataHora': '2021-12-18T20:00:00.000+0000'}",50903260,50903260,50903260,,AÇUDE JOANES II MONTANTE MONT.3,-12.6058,-38.4289,,2024-02-09T15:23:11.863+0000,5,"5 - Atlântico, Trecho Leste","50 - RIOS VAZA-BARRIS,ITAPICURU E .",RIO JOANES,BAHIA,SÃO SEBASTIÃO DO PASSÉ,50,50750000,16,16295000,114,114,2017-12-15T10:00:00.000+0000,2024-05-30T20:00:00.000+0000,INEMA-BA,INEMA-BA,Fluviométrica,1,123638250 - AÇUDE JOANES II MONTANTE MONT.3,,False,False,False,S 12° 36' 20.88'',W 38° 25' 44.04'',15/12/2017 à 30/05/2024,,,0.0,234.0,,
"{'horEstacao': 123638250, 'horDataHora': '2021-12-19T10:00:00.000+0000'}",50903260,50903260,50903260,,AÇUDE JOANES II MONTANTE MONT.3,-12.6058,-38.4289,,2024-02-09T15:23:11.863+0000,5,"5 - Atlântico, Trecho Leste","50 - RIOS VAZA-BARRIS,ITAPICURU E .",RIO JOANES,BAHIA,SÃO SEBASTIÃO DO PASSÉ,50,50750000,16,16295000,114,114,2017-12-15T10:00:00.000+0000,2024-05-30T20:00:00.000+0000,INEMA-BA,INEMA-BA,Fluviométrica,1,123638250 - AÇUDE JOANES II MONTANTE MONT.3,,False,False,False,S 12° 36' 20.88'',W 38° 25' 44.04'',15/12/2017 à 30/05/2024,,,0.0,238.0,,
"{'horEstacao': 123638250, 'horDataHora': '2021-12-19T20:00:00.000+0000'}",50903260,50903260,50903260,,AÇUDE JOANES II MONTANTE MONT.3,-12.6058,-38.4289,,2024-02-09T15:23:11.863+0000,5,"5 - Atlântico, Trecho Leste","50 - RIOS VAZA-BARRIS,ITAPICURU E .",RIO JOANES,BAHIA,SÃO SEBASTIÃO DO PASSÉ,50,50750000,16,16295000,114,114,2017-12-15T10:00:00.000+0000,2024-05-30T20:00:00.000+0000,INEMA-BA,INEMA-BA,Fluviométrica,1,123638250 - AÇUDE JOANES II MONTANTE MONT.3,,False,False,False,S 12° 36' 20.88'',W 38° 25' 44.04'',15/12/2017 à 30/05/2024,,,0.0,238.0,,
"{'horEstacao': 123638250, 'horDataHora': '2021-12-20T10:00:00.000+0000'}",50903260,50903260,50903260,,AÇUDE JOANES II MONTANTE MONT.3,-12.6058,-38.4289,,2024-02-09T15:23:11.863+0000,5,"5 - Atlântico, Trecho Leste","50 - RIOS VAZA-BARRIS,ITAPICURU E .",RIO JOANES,BAHIA,SÃO SEBASTIÃO DO PASSÉ,50,50750000,16,16295000,114,114,2017-12-15T10:00:00.000+0000,2024-05-30T20:00:00.000+0000,INEMA-BA,INEMA-BA,Fluviométrica,1,123638250 - AÇUDE JOANES II MONTANTE MONT.3,,False,False,False,S 12° 36' 20.88'',W 38° 25' 44.04'',15/12/2017 à 30/05/2024,,,0.0,238.0,,
"{'horEstacao': 123638250, 'horDataHora': '2021-12-20T20:00:00.000+0000'}",50903260,50903260,50903260,,AÇUDE JOANES II MONTANTE MONT.3,-12.6058,-38.4289,,2024-02-09T15:23:11.863+0000,5,"5 - Atlântico, Trecho Leste","50 - RIOS VAZA-BARRIS,ITAPICURU E .",RIO JOANES,BAHIA,SÃO SEBASTIÃO DO PASSÉ,50,50750000,16,16295000,114,114,2017-12-15T10:00:00.000+0000,2024-05-30T20:00:00.000+0000,INEMA-BA,INEMA-BA,Fluviométrica,1,123638250 - AÇUDE JOANES II MONTANTE MONT.3,,False,False,False,S 12° 36' 20.88'',W 38° 25' 44.04'',15/12/2017 à 30/05/2024,,,0.0,240.0,,
"{'horEstacao': 123638250, 'horDataHora': '2021-12-21T10:00:00.000+0000'}",50903260,50903260,50903260,,AÇUDE JOANES II MONTANTE MONT.3,-12.6058,-38.4289,,2024-02-09T15:23:11.863+0000,5,"5 - Atlântico, Trecho Leste","50 - RIOS VAZA-BARRIS,ITAPICURU E .",RIO JOANES,BAHIA,SÃO SEBASTIÃO DO PASSÉ,50,50750000,16,16295000,114,114,2017-12-15T10:00:00.000+0000,2024-05-30T20:00:00.000+0000,INEMA-BA,INEMA-BA,Fluviométrica,1,123638250 - AÇUDE JOANES II MONTANTE MONT.3,,False,False,False,S 12° 36' 20.88'',W 38° 25' 44.04'',15/12/2017 à 30/05/2024,,,0.0,254.0,,
"{'horEstacao': 123638250, 'horDataHora': '2021-12-21T20:00:00.000+0000'}",50903260,50903260,50903260,,AÇUDE JOANES II MONTANTE MONT.3,-12.6058,-38.4289,,2024-02-09T15:23:11.863+0000,5,"5 - Atlântico, Trecho Leste","50 - RIOS VAZA-BARRIS,ITAPICURU E .",RIO JOANES,BAHIA,SÃO SEBASTIÃO DO PASSÉ,50,50750000,16,16295000,114,114,2017-12-15T10:00:00.000+0000,2024-05-30T20:00:00.000+0000,INEMA-BA,INEMA-BA,Fluviométrica,1,123638250 - AÇUDE JOANES II MONTANTE MONT.3,,False,False,False,S 12° 36' 20.88'',W 38° 25' 44.04'',15/12/2017 à 30/05/2024,,,0.0,256.0,,
"{'horEstacao': 123638250, 'horDataHora': '2021-12-22T10:00:00.000+0000'}",50903260,50903260,50903260,,AÇUDE JOANES II MONTANTE MONT.3,-12.6058,-38.4289,,2024-02-09T15:23:11.863+0000,5,"5 - Atlântico, Trecho Leste","50 - RIOS VAZA-BARRIS,ITAPICURU E .",RIO JOANES,BAHIA,SÃO SEBASTIÃO DO PASSÉ,50,50750000,16,16295000,114,114,2017-12-15T10:00:00.000+0000,2024-05-30T20:00:00.000+0000,INEMA-BA,INEMA-BA,Fluviométrica,1,123638250 - AÇUDE JOANES II MONTANTE MONT.3,,False,False,False,S 12° 36' 20.88'',W 38° 25' 44.04'',15/12/2017 à 30/05/2024,,,0.0,252.0,,
"{'horEstacao': 123638250, 'horDataHora': '2021-12-22T20:00:00.000+0000'}",50903260,50903260,50903260,,AÇUDE JOANES II MONTANTE MONT.3,-12.6058,-38.4289,,2024-02-09T15:23:11.863+0000,5,"5 - Atlântico, Trecho Leste","50 - RIOS VAZA-BARRIS,ITAPICURU E .",RIO JOANES,BAHIA,SÃO SEBASTIÃO DO PASSÉ,50,50750000,16,16295000,114,114,2017-12-15T10:00:00.000+0000,2024-05-30T20:00:00.000+0000,INEMA-BA,INEMA-BA,Fluviométrica,1,123638250 - AÇUDE JOANES II MONTANTE MONT.3,,False,False,False,S 12° 36' 20.88'',W 38° 25' 44.04'',15/12/2017 à 30/05/2024,,,0.0,250.0,,
"{'horEstacao': 123638250, 'horDataHora': '2021-12-23T10:00:00.000+0000'}",50903260,50903260,50903260,,AÇUDE JOANES II MONTANTE MONT.3,-12.6058,-38.4289,,2024-02-09T15:23:11.863+0000,5,"5 - Atlântico, Trecho Leste","50 - RIOS VAZA-BARRIS,ITAPICURU E .",RIO JOANES,BAHIA,SÃO SEBASTIÃO DO PASSÉ,50,50750000,16,16295000,114,114,2017-12-15T10:00:00.000+0000,2024-05-30T20:00:00.000+0000,INEMA-BA,INEMA-BA,Fluviométrica,1,123638250 - AÇUDE JOANES II MONTANTE MONT.3,,False,False,False,S 12° 36' 20.88'',W 38° 25' 44.04'',15/12/2017 à 30/05/2024,,,0.0,244.0,,
"{'horEstacao': 123638250, 'horDataHora': '2021-12-23T20:00:00.000+0000'}",50903260,50903260,50903260,,AÇUDE JOANES II MONTANTE MONT.3,-12.6058,-38.4289,,2024-02-09T15:23:11.863+0000,5,"5 - Atlântico, Trecho Leste","50 - RIOS VAZA-BARRIS,ITAPICURU E .",RIO JOANES,BAHIA,SÃO SEBASTIÃO DO PASSÉ,50,50750000,16,16295000,114,114,2017-12-15T10:00:00.000+0000,2024-05-30T20:00:00.000+0000,INEMA-BA,INEMA-BA,Fluviométrica,1,123638250 - AÇUDE JOANES II MONTANTE MONT.3,,False,False,False,S 12° 36' 20.88'',W 38° 25' 44.04'',15/12/2017 à 30/05/2024,,,0.0,244.0,,
"{'horEstacao': 123638250, 'horDataHora': '2021-12-24T10:00:00.000+0000'}",50903260,50903260,50903260,,AÇUDE JOANES II MONTANTE MONT.3,-12.6058,-38.4289,,2024-02-09T15:23:11.863+0000,5,"5 - Atlântico, Trecho Leste","50 - RIOS VAZA-BARRIS,ITAPICURU E .",RIO JOANES,BAHIA,SÃO SEBASTIÃO DO PASSÉ,50,50750000,16,16295000,114,114,2017-12-15T10:00:00.000+0000,2024-05-30T20:00:00.000+0000,INEMA-BA,INEMA-BA,Fluviométrica,1,123638250 - AÇUDE JOANES II MONTANTE MONT.3,,False,False,False,S 12° 36' 20.88'',W 38° 25' 44.04'',15/12/2017 à 30/05/2024,,,0.0,248.0,,
"{'horEstacao': 123638250, 'horDataHora': '2021-12-24T20:00:00.000+0000'}",50903260,50903260,50903260,,AÇUDE JOANES II MONTANTE MONT.3,-12.6058,-38.4289,,2024-02-09T15:23:11.863+0000,5,"5 - Atlântico, Trecho Leste","50 - RIOS VAZA-BARRIS,ITAPICURU E .",RIO JOANES,BAHIA,SÃO SEBASTIÃO DO PASSÉ,50,50750000,16,16295000,114,114,2017-12-15T10:00:00.000+0000,2024-05-30T20:00:00.000+0000,INEMA-BA,INEMA-BA,Fluviométrica,1,123638250 - AÇUDE JOANES II MONTANTE MONT.3,,False,False,False,S 12° 36' 20.88'',W 38° 25' 44.04'',15/12/2017 à 30/05/2024,,,0.0,298.0,,
"{'horEstacao': 123638250, 'horDataHora': '2021-12-25T10:00:00.000+0000'}",50903260,50903260,50903260,,AÇUDE JOANES II MONTANTE MONT.3,-12.6058,-38.4289,,2024-02-09T15:23:11.863+0000,5,"5 - Atlântico, Trecho Leste","50 - RIOS VAZA-BARRIS,ITAPICURU E .",RIO JOANES,BAHIA,SÃO SEBASTIÃO DO PASSÉ,50,50750000,16,16295000,114,114,2017-12-15T10:00:00.000+0000,2024-05-30T20:00:00.000+0000,INEMA-BA,INEMA-BA,Fluviométrica,1,123638250 - AÇUDE JOANES II MONTANTE MONT.3,,False,False,False,S 12° 36' 20.88'',W 38° 25' 44.04'',15/12/2017 à 30/05/2024,,,0.0,319.0,,
"{'horEstacao': 123638250, 'horDataHora': '2021-12-25T20:00:00.000+0000'}",50903260,50903260,50903260,,AÇUDE JOANES II MONTANTE MONT.3,-12.6058,-38.4289,,2024-02-09T15:23:11.863+0000,5,"5 - Atlântico, Trecho Leste","50 - RIOS VAZA-BARRIS,ITAPICURU E .",RIO JOANES,BAHIA,SÃO SEBASTIÃO DO PASSÉ,50,50750000,16,16295000,114,114,2017-12-15T10:00:00.000+0000,2024-05-30T20:00:00.000+0000,INEMA-BA,INEMA-BA,Fluviométrica,1,123638250 - AÇUDE JOANES II MONTANTE MONT.3,,False,False,False,S 12° 36' 20.88'',W 38° 25' 44.04'',15/12/2017 à 30/05/2024,,,0.0,304.0,,
"{'horEstacao': 123638250, 'horDataHora': '2021-12-26T10:00:00.000+0000'}",50903260,50903260,50903260,,AÇUDE JOANES II MONTANTE MONT.3,-12.6058,-38.4289,,2024-02-09T15:23:11.863+0000,5,"5 - Atlântico, Trecho Leste","50 - RIOS VAZA-BARRIS,ITAPICURU E .",RIO JOANES,BAHIA,SÃO SEBASTIÃO DO PASSÉ,50,50750000,16,16295000,114,114,2017-12-15T10:00:00.000+0000,2024-05-30T20:00:00.000+0000,INEMA-BA,INEMA-BA,Fluviométrica,1,123638250 - AÇUDE JOANES II MONTANTE MONT.3,,False,False,False,S 12° 36' 20.88'',W 38° 25' 44.04'',15/12/2017 à 30/05/2024,,,0.0,290.0,,
"{'horEstacao': 123638250, 'horDataHora': '2021-12-26T20:00:00.000+0000'}",50903260,50903260,50903260,,AÇUDE JOANES II MONTANTE MONT.3,-12.6058,-38.4289,,2024-02-09T15:23:11.863+0000,5,"5 - Atlântico, Trecho Leste","50 - RIOS VAZA-BARRIS,ITAPICURU E .",RIO JOANES,BAHIA,SÃO SEBASTIÃO DO PASSÉ,50,50750000,16,16295000,114,114,2017-12-15T10:00:00.000+0000,2024-05-30T20:00:00.000+0000,INEMA-BA,INEMA-BA,Fluviométrica,1,123638250 - AÇUDE JOANES II MONTANTE MONT.3,,False,False,False,S 12° 36' 20.88'',W 38° 25' 44.04'',15/12/2017 à 30/05/2024,,,0.0,260.0,,
"{'horEstacao': 123638250, 'horDataHora': '2021-12-27T10:00:00.000+0000'}",50903260,50903260,50903260,,AÇUDE JOANES II MONTANTE MONT.3,-12.6058,-38.4289,,2024-02-09T15:23:11.863+0000,5,"5 - Atlântico, Trecho Leste","50 - RIOS VAZA-BARRIS,ITAPICURU E .",RIO JOANES,BAHIA,SÃO SEBASTIÃO DO PASSÉ,50,50750000,16,16295000,114,114,2017-12-15T10:00:00.000+0000,2024-05-30T20:00:00.000+0000,INEMA-BA,INEMA-BA,Fluviométrica,1,123638250 - AÇUDE JOANES II MONTANTE MONT.3,,False,False,False,S 12° 36' 20.88'',W 38° 25' 44.04'',15/12/2017 à 30/05/2024,,,0.0,276.0,,
"{'horEstacao': 123638250, 'horDataHora': '2021-12-27T20:00:00.000+0000'}",50903260,50903260,50903260,,AÇUDE JOANES II MONTANTE MONT.3,-12.6058,-38.4289,,2024-02-09T15:23:11.863+0000,5,"5 - Atlântico, Trecho Leste","50 - RIOS VAZA-BARRIS,ITAPICURU E .",RIO JOANES,BAHIA,SÃO SEBASTIÃO DO PASSÉ,50,50750000,16,16295000,114,114,2017-12-15T10:00:00.000+0000,2024-05-30T20:00:00.000+0000,INEMA-BA,INEMA-BA,Fluviométrica,1,123638250 - AÇUDE JOANES II MONTANTE MONT.3,,False,False,False,S 12° 36' 20.88'',W 38° 25' 44.04'',15/12/2017 à 30/05/2024,,,0.0,272.0,,
"{'horEstacao': 123638250, 'horDataHora': '2021-12-28T10:00:00.000+0000'}",50903260,50903260,50903260,,AÇUDE JOANES II MONTANTE MONT.3,-12.6058,-38.4289,,2024-02-09T15:23:11.863+0000,5,"5 - Atlântico, Trecho Leste","50 - RIOS VAZA-BARRIS,ITAPICURU E .",RIO JOANES,BAHIA,SÃO SEBASTIÃO DO PASSÉ,50,50750000,16,16295000,114,114,2017-12-15T10:00:00.000+0000,2024-05-30T20:00:00.000+0000,INEMA-BA,INEMA-BA,Fluviométrica,1,123638250 - AÇUDE JOANES II MONTANTE MONT.3,,False,False,False,S 12° 36' 20.88'',W 38° 25' 44.04'',15/12/2017 à 30/05/2024,,,0.0,260.0,,
"{'horEstacao': 123638250, 'horDataHora': '2021-12-28T20:00:00.000+0000'}",50903260,50903260,50903260,,AÇUDE JOANES II MONTANTE MONT.3,-12.6058,-38.4289,,2024-02-09T15:23:11.863+0000,5,"5 - Atlântico, Trecho Leste","50 - RIOS VAZA-BARRIS,ITAPICURU E .",RIO JOANES,BAHIA,SÃO SEBASTIÃO DO PASSÉ,50,50750000,16,16295000,114,114,2017-12-15T10:00:00.000+0000,2024-05-30T20:00:00.000+0000,INEMA-BA,INEMA-BA,Fluviométrica,1,123638250 - AÇUDE JOANES II MONTANTE MONT.3,,False,False,False,S 12° 36' 20.88'',W 38° 25' 44.04'',15/12/2017 à 30/05/2024,,,0.0,260.0,,
"{'horEstacao': 123638250, 'horDataHora': '2021-12-29T10:00:00.000+0000'}",50903260,50903260,50903260,,AÇUDE JOANES II MONTANTE MONT.3,-12.6058,-38.4289,,2024-02-09T15:23:11.863+0000,5,"5 - Atlântico, Trecho Leste","50 - RIOS VAZA-BARRIS,ITAPICURU E .",RIO JOANES,BAHIA,SÃO SEBASTIÃO DO PASSÉ,50,50750000,16,16295000,114,114,2017-12-15T10:00:00.000+0000,2024-05-30T20:00:00.000+0000,INEMA-BA,INEMA-BA,Fluviométrica,1,123638250 - AÇUDE JOANES II MONTANTE MONT.3,,False,False,False,S 12° 36' 20.88'',W 38° 25' 44.04'',15/12/2017 à 30/05/2024,,,0.0,256.0,,
"{'horEstacao': 123638250, 'horDataHora': '2021-12-29T20:00:00.000+0000'}",50903260,50903260,50903260,,AÇUDE JOANES II MONTANTE MONT.3,-12.6058,-38.4289,,2024-02-09T15:23:11.863+0000,5,"5 - Atlântico, Trecho Leste","50 - RIOS VAZA-BARRIS,ITAPICURU E .",RIO JOANES,BAHIA,SÃO SEBASTIÃO DO PASSÉ,50,50750000,16,16295000,114,114,2017-12-15T10:00:00.000+0000,2024-05-30T20:00:00.000+0000,INEMA-BA,INEMA-BA,Fluviométrica,1,123638250 - AÇUDE JOANES II MONTANTE MONT.3,,False,False,False,S 12° 36' 20.88'',W 38° 25' 44.04'',15/12/2017 à 30/05/2024,,,0.0,254.0,,
"{'horEstacao': 123638250, 'horDataHora': '2021-12-30T10:00:00.000+0000'}",50903260,50903260,50903260,,AÇUDE JOANES II MONTANTE MONT.3,-12.6058,-38.4289,,2024-02-09T15:23:11.863+0000,5,"5 - Atlântico, Trecho Leste","50 - RIOS VAZA-BARRIS,ITAPICURU E .",RIO JOANES,BAHIA,SÃO SEBASTIÃO DO PASSÉ,50,50750000,16,16295000,114,114,2017-12-15T10:00:00.000+0000,2024-05-30T20:00:00.000+0000,INEMA-BA,INEMA-BA,Fluviométrica,1,123638250 - AÇUDE JOANES II MONTANTE MONT.3,,False,False,False,S 12° 36' 20.88'',W 38° 25' 44.04'',15/12/2017 à 30/05/2024,,,0.0,250.0,,
"{'horEstacao': 123638250, 'horDataHora': '2021-12-30T20:00:00.000+0000'}",50903260,50903260,50903260,,AÇUDE JOANES II MONTANTE MONT.3,-12.6058,-38.4289,,2024-02-09T15:23:11.863+0000,5,"5 - Atlântico, Trecho Leste","50 - RIOS VAZA-BARRIS,ITAPICURU E .",RIO JOANES,BAHIA,SÃO SEBASTIÃO DO PASSÉ,50,50750000,16,16295000,114,114,2017-12-15T10:00:00.000+0000,2024-05-30T20:00:00.000+0000,INEMA-BA,INEMA-BA,Fluviométrica,1,123638250 - AÇUDE JOANES II MONTANTE MONT.3,,False,False,False,S 12° 36' 20.88'',W 38° 25' 44.04'',15/12/2017 à 30/05/2024,,,0.0,250.0,,
